Total itemsets found: 1576
Elapsed time: 1615ms
[47257] - 35.960000000000015
[47261] - 36.32999999999999
[30319] - 40.75999999999999
[18655] - 42.49999999999999
[18719] - 42.77
[18539] - 42.889999999999986
[18751] - 43.71000000000001
[10837] - 44.07
[51929] - 44.79999999999999
[18571] - 45.15999999999999
[48635] - 45.660000000000004
[51937] - 46.690000000000005
[20803] - 46.72999999999999
[12423] - 47.129999999999995
[18747] - 47.679999999999986
[18567] - 47.739999999999974
[30311] - 47.92999999999999
[47703] - 48.8
[48695] - 49.44999999999999
[18631] - 49.84
[47281] - 51.09
[18647] - 51.279999999999994
[18451] - 51.64
[18775] - 52.079999999999984
[47265] - 52.63
[18471] - 53.79999999999999
[18743] - 54.75999999999999
[18483] - 54.910000000000004
[47285] - 55.449999999999974
[18411] - 56.649999999999984
[18475] - 57.35999999999999
[47269] - 57.55000000000002
[18875] - 57.839999999999996
[18679] - 58.86
[18639] - 59.15
[18807] - 59.94000000000003
[35189] - 60.179999999999986
[18767] - 61.419999999999995
[18731] - 61.980000000000004
[12699] - 62.76000000000001
[18579] - 63.22999999999998
[18555] - 63.68
[18627] - 64.21000000000001
[18663] - 64.63
[18543] - 64.86
[18735] - 65.13000000000001
[54645] - 65.82000000000002
[12503] - 66.69
[18575] - 66.95
[18419] - 67.14999999999999
[10343] - 67.17999999999996
[18819] - 67.91
[12511] - 68.01000000000002
[47695] - 68.17000000000002
[18479] - 68.73
[48643] - 69.14999999999999
[48651] - 69.33000000000001
[18439] - 69.34000000000003
[18615] - 69.4
[18559] - 69.49
[35173] - 71.36999999999999
[35197] - 71.47000000000001
[12415] - 71.56
[18659] - 72.49000000000001
[47293] - 73.13000000000001
[47253] - 73.9
[48691] - 74.16000000000001
[18651] - 75.56000000000002
[47289] - 76.05
[12539] - 76.06999999999998
[48703] - 77.19999999999999
[18755] - 78.86999999999999
[47273] - 78.89000000000001
[10877, 10869] - 38.30739999999999
[12435] - 80.51999999999995
[18431] - 80.8
[48699] - 80.97
[12375] - 82.20000000000002
[18811] - 84.72000000000001
[35193] - 85.66999999999997
[12507] - 86.52999999999999
[35201] - 86.89999999999999
[10829, 10853] - 39.044
[35209] - 90.00999999999995
[18583] - 92.26000000000003
[48639] - 94.10000000000007
[18611, 18619] - 35.9804
[18671] - 95.55000000000003
[18595] - 97.90000000000006
[18443] - 98.28999999999999
[12811] - 98.33000000000006
[18551] - 101.39
[12419, 12443] - 39.880800000000015
[12299, 12443] - 37.34129999999999
[12443, 12431] - 37.55070000000001
[54653, 54657] - 36.76199999999998
[54673, 54657] - 40.5729
[48659] - 103.79999999999998
[18795, 18799] - 45.07119999999999
[46289, 46293] - 36.9333
[33469, 46293] - 40.19990000000001
[46293, 33449] - 39.56609999999999
[54665] - 108.23000000000006
[18703] - 108.78
[18779] - 108.78000000000004
[18511] - 110.31000000000002
[10845] - 111.65999999999995
[35165, 35161] - 38.86530000000002
[35153, 35161] - 43.4157
[35149, 35161] - 39.721000000000004
[35169, 35161] - 41.7384
[12859, 12883] - 51.32440000000001
[48679] - 113.86000000000006
[10319] - 114.11000000000003
[46289, 46285] - 36.07889999999999
[46285, 46281] - 38.73409999999999
[33469, 46285] - 48.3683
[46285, 33449] - 46.318000000000005
[54653, 54669] - 36.9839
[54673, 54669] - 45.40450000000002
[12339, 12387] - 76.65410000000001
[32217] - 116.61999999999999
[12475, 12899] - 36.25230000000001
[12515, 12519] - 51.819700000000005
[48687] - 120.79000000000008
[12867, 12863] - 39.330999999999996
[12895, 12863] - 35.883500000000005
[35205] - 122.23999999999998
[18635] - 123.19
[18847] - 124.63999999999997
[18599] - 125.51000000000005
[12635] - 126.00999999999999
[12323] - 126.5
[47277] - 126.71999999999997
[18883] - 127.43
[54673, 54653] - 43.205199999999984
[33461] - 129.55000000000007
[18815] - 130.88
[12803, 12799] - 36.83410000000002
[12879, 12799] - 39.776799999999994
[12823, 12799] - 36.949600000000004
[12827, 12799] - 39.29800000000001
[12895, 12799] - 43.86820000000001
[18695] - 135.39
[18459] - 136.14
[18523] - 137.20999999999998
[52973, 33449] - 43.1879
[33445, 33441] - 42.1409
[33445, 33437] - 39.4774
[33445, 33429] - 43.728100000000005
[33445, 33453] - 36.729
[33433, 33445] - 40.477900000000005
[33445, 33449] - 44.749
[12527, 12535] - 36.68509999999999
[48683] - 140.23000000000005
[48711] - 141.80999999999997
[48667, 48655] - 39.6441
[12351, 12355] - 49.36230000000002
[46289, 46281] - 40.481500000000004
[33433, 46289] - 36.96900000000001
[33469, 46289] - 56.04010000000001
[46289, 33449] - 50.840300000000006
[47965, 47961] - 37.79980000000001
[47953, 47961] - 61.340999999999994
[47961, 47957] - 49.65019999999999
[47687, 48575] - 44.70129999999999
[18563] - 147.49999999999991
[48667, 48663, 48671] - 40.42112300000001
[48675, 48671] - 48.66419999999999
[12647, 12651] - 69.815
[33457, 33441] - 42.68249999999999
[33457, 33433, 33465] - 36.327834
[33457, 33437] - 40.41799999999999
[33457, 33429] - 37.616200000000006
[33457, 33433, 33453] - 39.56827599999999
[33457, 34889] - 36.5094
[33457, 33469] - 37.8142
[33457, 33449] - 46.8415
[33465, 46281] - 39.5209
[33437, 46281] - 37.321899999999985
[33453, 46281] - 37.0508
[33433, 46281] - 40.813800000000015
[33469, 46281] - 54.40140000000002
[33449, 46281] - 50.487999999999985
[12471, 12475] - 40.4145
[12335] - 153.67999999999998
[18643] - 153.88000000000002
[18507] - 154.19
[10849, 10829] - 40.575799999999994
[12355, 10829] - 39.812599999999996
[12331] - 154.67999999999992
[12427] - 157.75000000000003
[12839, 12851] - 42.2684
[12835, 12851] - 47.26629999999999
[18683] - 159.50000000000009
[35157, 35165] - 48.1774
[35157, 35153] - 58.77160000000001
[35149, 35157] - 47.04759999999999
[35169, 35157] - 67.30799999999999
[12891, 12795] - 39.3621
[12891, 12895] - 55.957800000000006
[12595] - 162.23999999999992
[18487] - 163.71999999999994
[18727] - 168.07000000000005
[18587] - 168.35999999999999
[18603] - 169.5000000000001
[12583] - 170.8299999999999
[12587] - 170.92000000000002
[12471, 12883] - 38.9257
[12659, 12471] - 36.83949999999999
[18675] - 173.0199999999999
[10327, 10291] - 37.49079999999999
[10327, 10295] - 48.01770000000002
[10327, 10307] - 48.038
[10327, 33449] - 45.74230000000001
[18619, 18447] - 37.0063
[35169, 35165, 35153] - 37.17006900000002
[35149, 35165] - 46.0499
[35165, 35185] - 44.02749999999998
[32201, 32221] - 38.187999999999995
[32221, 32205] - 51.13039999999998
[32213, 32221] - 40.16439999999999
[54673, 54661] - 37.324999999999996
[35177, 35153] - 36.72579999999999
[35149, 35153] - 46.95829999999999
[12615, 12611] - 46.659199999999984
[12395, 12371] - 37.395500000000006
[12419, 12371] - 42.27159999999999
[12371, 12367] - 40.84510000000001
[12371, 12299] - 37.67790000000001
[12559, 12563] - 62.52760000000003
[12579] - 182.18999999999994
[54661, 32213] - 39.70889999999999
[54661, 12487] - 40.1982
[34909, 34917] - 51.565300000000015
[34917, 34925] - 44.274600000000014
[34917, 34913] - 46.486299999999986
[34929, 34917] - 52.39919999999997
[34921, 34917] - 48.175200000000004
[34909, 34913] - 46.77590000000001
[34909, 34929] - 36.770699999999984
[35169, 35177] - 38.497200000000014
[35177, 35181] - 56.44969999999998
[35177, 35185] - 49.03639999999999
[33465, 33441] - 50.65189999999998
[33441, 33437] - 65.20569999999996
[33441, 33429] - 53.0291
[33441, 34901] - 42.21669999999999
[33453, 33441] - 50.63210000000001
[33441, 34905] - 40.590900000000005
[33441, 34889] - 37.31260000000001
[33433, 33441] - 50.77230000000003
[33469, 33441] - 46.4845
[33441, 33449] - 62.053599999999996
[12835, 12839] - 58.70820000000001
[18499] - 193.92999999999992
[12647, 12643] - 57.45970000000001
[12667, 12643] - 42.2505
[12659, 12643] - 43.79409999999999
[12355, 12343] - 51.414599999999986
[12591] - 202.49000000000015
[35149, 35169] - 48.87720000000002
[35149, 35181] - 36.50620000000001
[12803, 12531] - 37.32899999999999
[12803, 12523] - 41.14570000000002
[12803, 12867] - 49.99210000000001
[12803, 12823] - 45.75119999999999
[12803, 12687] - 41.4538
[12803, 12683] - 37.52169999999999
[12803, 12795] - 47.582899999999995
[12803, 12691] - 37.12299999999999
[12803, 12827] - 35.82099999999999
[12803, 12819] - 39.55570000000001
[12803, 12831] - 54.624
[12803, 12895] - 47.4722
[35169, 35181] - 36.94359999999999
[12355, 12347] - 62.509
[48667, 48675, 48663] - 44.875072000000024
[34925, 34913] - 36.20900000000001
[34929, 34925] - 65.53479999999999
[34921, 34925] - 78.6369
[12355, 34925] - 43.471599999999995
[32197, 10303] - 35.96990000000001
[32197, 32209] - 60.444100000000006
[32201, 32197, 32205] - 36.87193499999999
[35185, 35181] - 54.080600000000004
[12627, 12631] - 59.15310000000001
[34929, 34913] - 47.9996
[34921, 34913] - 39.60359999999999
[12395, 12399] - 39.78259999999999
[12395, 12367] - 72.39600000000003
[12395, 12403] - 51.26729999999997
[12395, 12299] - 46.4827
[12395, 12411] - 38.70870000000001
[12395, 12431] - 56.6183
[12439] - 219.86999999999998
[10865, 10857, 10861] - 47.637282000000006
[10865, 10303] - 39.0364
[12327] - 221.58
[12671, 12663, 12667] - 43.502596000000004
[33465, 33437] - 65.77319999999999
[33465, 33429] - 48.377500000000026
[33465, 34901] - 41.8735
[33433, 33453, 33465] - 53.296755999999995
[33453, 33465, 33449] - 38.648454999999984
[33465, 34905] - 41.451599999999985
[33465, 34889] - 40.91989999999999
[33465, 12683] - 39.09389999999999
[33469, 33433, 33465] - 48.348284000000014
[33433, 33465, 33449] - 51.11345400000001
[34885, 33465] - 36.30249999999998
[33465, 12691] - 39.284299999999995
[33465, 12695] - 41.64229999999999
[33469, 33465, 33449] - 41.67507699999999
[18527] - 225.96000000000004
[12883, 12887] - 57.74430000000002
[10833, 10849] - 37.192299999999996
[10877, 10833] - 38.14899999999999
[12451, 12447] - 57.7598
[12451, 12403] - 38.43619999999999
[12407, 12451] - 40.66330000000001
[12451, 12411] - 40.23520000000002
[10857, 10849] - 38.6784
[10849, 10861] - 44.30780000000001
[34921, 34929] - 59.675499999999985
[12355, 34929] - 38.328599999999994
[18723] - 236.74999999999994
[12419, 12399] - 36.87820000000001
[12399, 12367] - 43.776900000000005
[12399, 12403] - 57.99700000000002
[12299, 12399] - 51.31680000000002
[12407, 12399] - 43.21109999999999
[12399, 12411] - 67.10279999999999
[12399, 12431] - 37.926700000000004
[47965, 47949] - 46.85550000000002
[47953, 47965] - 86.63220000000001
[47945, 47965] - 38.25319999999999
[47965, 47957] - 55.21839999999999
[12419, 12367] - 56.26700000000001
[12419, 12403] - 37.7205
[12419, 12299] - 60.280699999999996
[12407, 12419] - 40.097500000000004
[12419, 12411] - 38.8091
[12419, 12431] - 43.55960000000001
[10881, 10841] - 63.19010000000001
[10877, 10841] - 54.46389999999998
[18855] - 250.05999999999995
[48707] - 250.12999999999997
[47973, 47949] - 57.49360000000002
[47953, 47973] - 39.12830000000001
[47945, 47973] - 116.78190000000005
[34921, 12355] - 40.857000000000006
[12531, 12459] - 39.54960000000001
[12491, 12459] - 62.35610000000003
[12459, 12467] - 56.0253
[12495, 12459] - 40.74380000000001
[12459, 12687] - 51.78220000000001
[12463, 12459] - 41.64940000000001
[12695, 12459] - 37.071699999999986
[12483, 12459] - 38.538899999999984
[12487, 12459] - 45.11939999999999
[12727, 12731] - 48.9672
[12715, 12731] - 47.338699999999996
[12723, 12731] - 61.9653
[18423] - 257.1400000000001
[12903, 12871] - 57.1169
[12903, 12879] - 43.112500000000004
[33425, 12903] - 42.44469999999997
[12903, 12855] - 61.5312
[12903, 33429] - 48.65339999999996
[12903, 34885] - 49.78799999999999
[12903, 12691] - 47.83299999999999
[12903, 12827] - 44.92990000000002
[12903, 12895] - 54.51599999999998
[12903, 33449] - 48.92929999999997
[18879] - 269.80000000000007
[12407, 35213] - 49.36
[12607, 12775] - 36.79940000000002
[12607, 12621] - 36.20739999999999
[12879, 12871] - 51.5612
[33425, 12871] - 52.233599999999996
[12871, 12855] - 54.77340000000005
[12871, 33429] - 56.51539999999998
[34885, 12871] - 51.62140000000001
[12691, 12871] - 54.1867
[12827, 12871] - 53.45950000000002
[12871, 12831] - 41.22519999999999
[12895, 12871] - 73.87849999999999
[12871, 33449] - 54.52040000000001
[12719, 12711] - 56.63599999999999
[12715, 12719] - 66.21539999999996
[12367, 12403] - 63.95509999999999
[12299, 12367] - 60.969200000000015
[12411, 12367] - 47.677199999999985
[12367, 12431] - 67.64620000000001
[33425, 33437] - 40.750400000000006
[33429, 33437] - 65.14219999999997
[34901, 33437] - 48.120500000000014
[33433, 33453, 33437] - 37.06370999999999
[34897, 33437] - 41.5108
[34905, 33437] - 50.255000000000024
[33437, 34889] - 49.456500000000005
[12683, 33437] - 47.44290000000001
[33433, 33437, 33449] - 39.441088999999984
[34885, 33437] - 42.0531
[12691, 33437] - 41.7864
[33437, 12831] - 36.850899999999996
[12695, 33437] - 53.75460000000001
[10295, 33437] - 37.15390000000001
[10307, 33437] - 36.3921
[33469, 33437, 33449] - 37.51432999999999
[12895, 33437] - 36.6638
[12403, 12447] - 38.237700000000004
[12407, 12447] - 55.64279999999997
[12411, 12447] - 49.27639999999999
[10877, 10881] - 58.0532
[12879, 12843] - 36.0407
[12843, 12855] - 53.385999999999996
[12895, 12843] - 41.13539999999999
[18871] - 298.2500000000001
[12879, 12855] - 42.3462
[12879, 33429] - 36.0966
[12879, 12691] - 43.5059
[12879, 12895] - 49.73729999999999
[12879, 33449] - 36.8797
[12735, 12739] - 56.50300000000001
[12739, 12763, 12743] - 36.974986
[12739, 12771] - 45.13880000000002
[12779, 12739, 12763] - 36.99058700000002
[12759, 12739] - 80.90510000000005
[12715, 12739] - 39.551100000000005
[10295, 12739] - 41.82480000000001
[10307, 12739] - 37.802099999999975
[10315, 12739] - 37.5905
[12299, 12403] - 49.58969999999999
[12411, 12403] - 65.40540000000001
[12431, 12403] - 40.6446
[33425, 12855] - 49.255500000000005
[33425, 34885, 33429] - 42.21854099999997
[33425, 33429, 33449] - 44.31118299999998
[33425, 34901] - 38.139900000000004
[33425, 33453] - 38.85369999999999
[33425, 34897] - 50.57349999999998
[33425, 34905] - 54.4607
[33425, 34889] - 46.6264
[33425, 12683] - 41.332400000000014
[12627, 33425] - 44.5512
[33425, 33433] - 41.110499999999995
[33425, 34885, 33449] - 36.143620999999996
[33425, 12691] - 74.7284
[33425, 12827] - 40.42879999999999
[33425, 12831] - 39.43499999999999
[33425, 12695] - 49.3765
[33425, 12679] - 42.9981
[33425, 12703] - 36.0245
[33425, 12483] - 35.86470000000001
[33469, 33425] - 39.3909
[33425, 12895] - 48.7626
[12407, 12515] - 36.9082
[18547] - 306.59999999999997
[12767, 12611] - 39.446
[12755, 12767] - 62.352400000000024
[12771, 12767] - 52.03049999999999
[12491, 12531] - 44.89350000000002
[12527, 12531, 12523] - 47.007172999999995
[12531, 12467] - 38.811699999999995
[12835, 12531] - 37.823200000000014
[12495, 12531] - 37.5745
[12823, 12531] - 39.66379999999998
[12531, 12687] - 52.02199999999999
[12531, 10299] - 35.80699999999999
[12531, 12683] - 43.21639999999999
[12531, 12463] - 36.50739999999999
[12795, 12531] - 40.10059999999999
[12691, 12531] - 52.94299999999999
[12531, 12831] - 48.34150000000002
[12531, 12695] - 53.543700000000015
[12531, 12679] - 36.19789999999999
[10295, 12531] - 38.732499999999995
[12487, 12531] - 39.06039999999999
[10307, 12531] - 43.88859999999999
[12531, 12895] - 50.63580000000002
[12531, 33449] - 40.03520000000002
[18831] - 308.42000000000024
[18707] - 308.42999999999984
[12647, 12667] - 69.2372
[12647, 12655] - 102.72120000000004
[12647, 12659] - 50.77479999999998
[12647, 12695] - 41.83299999999999
[12647, 10295] - 50.84119999999999
[12647, 10311] - 37.4834
[10307, 12647] - 42.26699999999999
[10315, 12647] - 45.0823
[33469, 12647] - 47.888400000000004
[12647, 12895] - 39.26250000000002
[33429, 12855] - 52.69009999999998
[34885, 12855] - 56.55769999999997
[12691, 12855] - 48.904199999999996
[12827, 12855] - 40.29669999999999
[12895, 12855] - 55.38389999999998
[12855, 33449] - 56.44080000000005
[12747, 12775] - 37.60810000000001
[12751, 12775] - 36.463800000000006
[12735, 10303] - 37.978300000000004
[12735, 12763, 12743] - 36.836721
[12735, 12771] - 35.81390000000002
[12779, 12735, 12763] - 36.434250999999996
[12759, 12735, 12763] - 45.78952299999999
[12735, 10295] - 37.95889999999999
[10307, 12735] - 39.7718
[10315, 12735] - 39.9791
[12491, 12523] - 40.8211
[12491, 12527] - 46.90470000000003
[12491, 12467] - 52.21610000000001
[12491, 12495, 12463] - 37.386096
[12491, 12687] - 50.3584
[12491, 12479] - 41.813199999999995
[12491, 12683] - 44.5219
[12491, 12691] - 44.315
[12491, 12831] - 46.926500000000004
[12491, 12695] - 51.4973
[12491, 12663] - 38.18470000000001
[12491, 12703] - 37.644800000000004
[12491, 10295] - 38.0882
[12491, 12483] - 56.58599999999999
[12491, 12487] - 59.98939999999999
[12491, 10307] - 37.054899999999996
[12491, 12895] - 49.6435
[12491, 33449] - 46.99490000000001
[18619, 18427] - 52.070800000000006
[18863, 18427] - 40.705600000000004
[12467, 12523] - 46.880800000000015
[12835, 12523] - 35.89139999999999
[12495, 12523] - 36.77009999999999
[12823, 12523] - 43.63249999999998
[33453, 12523] - 35.770799999999994
[12687, 12523] - 52.32979999999999
[12655, 12523] - 39.529999999999994
[12683, 12523] - 50.3814
[12463, 12523] - 37.33459999999999
[33433, 12523] - 37.630100000000006
[12795, 12523] - 41.29720000000002
[12691, 12523] - 51.1043
[12827, 12523] - 37.124799999999986
[12831, 12523] - 45.79730000000001
[12695, 12523] - 55.170099999999984
[12679, 12523] - 45.861399999999996
[12703, 12523] - 38.76240000000002
[10295, 12523] - 39.9855
[12487, 12523] - 48.321100000000015
[10307, 12523] - 54.15729999999999
[10315, 12523] - 37.513000000000005
[33469, 12523] - 37.79600000000001
[12895, 12523] - 57.4763
[33449, 12523] - 44.617499999999986
[12779, 12787] - 62.97290000000001
[12783, 12787] - 79.96420000000002
[12621, 12787] - 35.894
[10857, 10303] - 48.68190000000001
[10857, 12743] - 54.28579999999997
[10857, 12763] - 44.93339999999998
[12779, 10857] - 42.1711
[10857, 12831] - 38.73990000000001
[10857, 12695] - 38.367799999999995
[10857, 12483] - 39.883600000000015
[10857, 12487] - 39.8463
[10857, 12895] - 37.914399999999986
[10857, 33449] - 36.86899999999999
[10339, 10331] - 45.653200000000005
[10339, 12483] - 64.14140000000002
[10339, 12487] - 39.692899999999995
[10339, 10311] - 42.9355
[10315, 10339] - 133.50160000000002
[12807, 12907] - 50.50270000000002
[12823, 12907] - 47.5436
[12819, 12907] - 41.06519999999999
[10291, 12527] - 40.90230000000001
[12527, 12495] - 37.364000000000004
[12823, 12527] - 45.1643
[12527, 12687] - 61.60789999999997
[12527, 10299] - 49.20289999999999
[12527, 34889] - 37.27380000000001
[12527, 12683] - 61.15290000000002
[12527, 12463] - 39.49879999999999
[33433, 12527] - 40.86360000000001
[12527, 12795] - 46.31870000000003
[12527, 12691] - 66.18299999999999
[12527, 12827] - 38.52949999999998
[12527, 12819] - 42.59370000000001
[12527, 12831] - 51.64210000000002
[12527, 12695] - 65.61
[12527, 12679] - 44.77689999999998
[12703, 12527] - 43.572299999999984
[12527, 10295] - 52.98880000000001
[12527, 12483] - 35.9052
[12527, 12487] - 42.0891
[10307, 12527] - 57.68089999999999
[10315, 12527] - 37.731700000000004
[33469, 12527] - 46.40199999999999
[12527, 12895] - 63.4835
[12527, 33449] - 54.0506
[18691] - 348.45999999999975
[10303, 12743] - 48.07599999999997
[10861, 10303] - 52.003
[32209, 10303] - 62.65670000000003
[32201, 10303] - 58.88669999999999
[12763, 10303] - 47.3995
[10299, 10303] - 41.582100000000004
[12779, 10303] - 45.44309999999997
[12759, 10303] - 45.85969999999998
[32205, 10303] - 51.71149999999999
[10295, 10303] - 63.1375
[10311, 10303] - 44.405600000000014
[10307, 10303] - 76.11139999999999
[10315, 10303] - 48.506400000000006
[10861, 12743] - 44.0387
[12755, 12743] - 39.836200000000005
[12771, 12743] - 40.15989999999999
[12779, 12763, 12743] - 42.641925000000015
[12759, 12763, 12743] - 35.953039999999994
[10307, 12743] - 42.33219999999999
[12895, 12743] - 39.755100000000006
[12547, 12555] - 64.6007
[12551, 12547] - 61.68050000000001
[12559, 12547] - 58.965399999999995
[12763, 10861] - 39.55310000000001
[12683, 10861] - 36.394600000000004
[12695, 10861] - 41.21149999999999
[12703, 10861] - 40.11010000000001
[12483, 10861] - 39.44890000000002
[12487, 10861] - 41.6694
[12895, 10861] - 42.407199999999996
[10861, 33449] - 39.336999999999996
[10291, 12687] - 47.99720000000002
[10291, 10299] - 69.567
[10291, 12831] - 40.7099
[10291, 12695] - 44.320600000000006
[10291, 12679] - 35.82260000000001
[10291, 12663] - 39.15070000000001
[10291, 10295] - 89.36850000000003
[10291, 10311] - 39.5064
[10307, 10291] - 72.31450000000001
[10291, 12895] - 41.627900000000004
[10291, 33449] - 41.52289999999999
[18863, 20807] - 39.378499999999995
[12847, 12835] - 60.17929999999999
[12847, 12687] - 42.4415
[12847, 12663] - 47.34760000000001
[12847, 12895] - 42.211800000000004
[12551, 12555] - 50.0697
[12559, 12555] - 44.93519999999999
[12495, 12467] - 41.08410000000002
[12687, 12467] - 44.827099999999994
[12463, 12467] - 36.63759999999999
[12679, 12467] - 36.645100000000006
[12663, 12467] - 39.1683
[12483, 12467] - 45.374300000000005
[12487, 12467] - 43.535
[12867, 12807] - 56.290500000000016
[12823, 12867] - 51.250400000000006
[12867, 12795] - 45.94169999999999
[12867, 12827] - 37.83070000000001
[12867, 12831] - 52.90929999999999
[12867, 12875] - 42.2238
[12867, 12895] - 60.80390000000001
[12715, 12727] - 57.841
[12727, 12723] - 119.52489999999996
[12571, 12575] - 142.18149999999991
[34893, 12575] - 54.738099999999996
[12575, 12875] - 47.9423
[12703, 32213, 12575] - 38.389981
[32213, 12487, 12575] - 37.137766
[32213, 12575, 10311] - 37.507677
[12703, 12487, 12575] - 40.18482999999999
[12703, 12575, 10311] - 40.22380999999999
[12483, 12575] - 54.87679999999998
[12575, 12487, 10311] - 37.615298000000024
[10315, 12575] - 43.695899999999995
[12339, 48667] - 36.859700000000004
[12883, 12675] - 50.28749999999998
[12747, 12755] - 65.4735
[12747, 12783] - 45.792499999999976
[12747, 12751] - 89.19969999999999
[12747, 12621] - 55.4124
[32201, 32209, 32205] - 50.54403200000001
[12763, 32209] - 41.663199999999996
[12759, 32209] - 43.00650000000002
[32209, 12695] - 39.475899999999996
[32213, 32209] - 54.944000000000024
[10295, 32209] - 50.61709999999999
[32209, 10311] - 41.42130000000001
[10307, 32209] - 68.5324
[10315, 32209] - 57.498900000000006
[33469, 32209] - 36.182399999999994
[12895, 32209] - 45.1979
[32209, 33449] - 39.72849999999999
[47953, 47949] - 102.43629999999999
[47945, 47949] - 81.45709999999998
[47949, 47957] - 54.765299999999996
[12715, 12711] - 67.1815
[12711, 12723] - 59.11679999999999
[12559, 12551] - 37.30389999999999
[12835, 12687] - 45.137800000000006
[12835, 12827] - 39.739700000000006
[12835, 12831] - 37.1434
[12835, 12663] - 59.3032
[12835, 12895] - 46.96589999999999
[12495, 12687] - 36.85549999999999
[12495, 12479] - 50.05879999999999
[12495, 12683] - 52.58739999999999
[12495, 12795] - 41.49640000000002
[12495, 12691] - 51.66720000000002
[12495, 12827] - 39.39729999999997
[12495, 12831] - 54.339800000000004
[12495, 12875] - 38.398799999999994
[12495, 12695] - 54.97280000000001
[12495, 12679] - 49.521399999999986
[12703, 12495] - 39.59759999999999
[12495, 10295] - 47.74489999999999
[12483, 12495] - 58.085299999999954
[12495, 12487] - 82.01720000000003
[12495, 10311] - 38.4051
[10307, 12495] - 51.692800000000005
[10315, 12495] - 51.3895
[33469, 12495] - 37.6759
[12495, 12895] - 59.1052
[12495, 33449] - 49.34189999999998
[47945, 47953] - 65.83380000000001
[47953, 47957] - 144.20399999999998
[12663, 12675] - 46.2685
[12407, 12299] - 50.7917
[12299, 12411] - 48.26160000000001
[12299, 12431] - 51.58070000000001
[12667, 12687] - 44.36929999999998
[12667, 12655] - 63.44959999999998
[12659, 12667] - 43.23629999999999
[12827, 12667] - 36.73390000000001
[10295, 12667] - 42.36869999999999
[12487, 12667] - 38.0753
[12667, 10311] - 40.56750000000001
[10307, 12667] - 50.593699999999984
[10315, 12667] - 38.18059999999999
[33469, 12667] - 43.04110000000001
[12895, 12667] - 54.93619999999999
[12755, 12611] - 79.54189999999998
[12603, 12611] - 66.03560000000002
[12771, 12611] - 59.52840000000001
[12779, 12611] - 40.48060000000001
[12759, 12611] - 39.89239999999999
[12621, 12611] - 127.66440000000006
[10307, 12611] - 55.6571
[10315, 12611] - 52.60629999999999
[12895, 12611] - 35.80459999999999
[12823, 12807] - 61.387599999999985
[12807, 12683] - 39.2458
[12807, 12463] - 36.883500000000005
[12807, 12795] - 53.19980000000002
[12807, 12691] - 38.4289
[12807, 12827] - 36.943000000000005
[12807, 12819] - 46.241099999999996
[12807, 12831] - 49.819500000000005
[12807, 12695] - 38.5741
[12807, 12487] - 36.502700000000004
[12807, 12895] - 62.16709999999997
[12807, 33449] - 44.29159999999999
[33429, 34901] - 43.026500000000006
[33453, 33429] - 52.88910000000003
[34897, 34885, 33429] - 41.281791000000005
[34905, 33429] - 60.655800000000006
[33429, 34889] - 48.47929999999999
[12683, 33429] - 45.81960000000001
[12627, 33429] - 48.6594
[33433, 33429, 33449] - 39.784355999999995
[34885, 33429, 33449] - 52.16774300000003
[12691, 33429, 33449] - 39.047283
[12827, 33429] - 39.98580000000001
[33429, 12831] - 38.4172
[34893, 33429] - 48.35069999999999
[12695, 33429] - 59.205400000000004
[12679, 33429] - 46.43769999999999
[12703, 33429] - 43.469600000000014
[10295, 33429] - 38.415499999999994
[12483, 33429] - 43.724000000000004
[12487, 33429] - 39.966
[10315, 33429] - 37.3001
[33469, 33429, 33449] - 41.24433500000002
[12895, 33429] - 58.54109999999999
[12407, 48675] - 38.3583
[12823, 12655] - 36.0203
[12823, 12683] - 47.821900000000014
[12823, 12463] - 39.412200000000006
[12823, 12795] - 52.5324
[12823, 12691] - 59.09899999999999
[12823, 12827] - 42.0275
[12823, 12819] - 74.57140000000001
[12823, 12831] - 72.676
[12823, 12695] - 46.37530000000001
[12823, 12679] - 38.598600000000005
[12823, 12703] - 39.231300000000005
[12823, 10295] - 42.47149999999999
[12823, 12483] - 38.939600000000006
[12823, 12487] - 43.4102
[10307, 12823] - 43.56069999999999
[12823, 12895] - 61.70189999999999
[12823, 33449] - 41.2953
[32201, 12763] - 43.36660000000001
[32201, 10299] - 36.8585
[12779, 32201] - 43.2898
[12759, 32201] - 38.06860000000002
[32201, 32213, 32205] - 62.517349
[32201, 12691] - 41.97069999999998
[32201, 12831] - 38.31250000000001
[32201, 12695] - 55.835499999999975
[32201, 12703] - 55.9862
[32201, 10295] - 65.03890000000003
[32201, 12483] - 53.15419999999999
[32201, 12487] - 58.3965
[32201, 10311] - 57.303099999999965
[10307, 32201] - 88.63309999999997
[10315, 32201] - 73.67960000000004
[33469, 32201] - 49.693400000000004
[32201, 12895] - 51.775299999999966
[32201, 33449] - 52.8021
[33453, 34901] - 51.71489999999999
[34897, 34905, 34901] - 36.75243299999999
[12687, 34901] - 38.165300000000016
[34905, 34901, 34889] - 60.620317
[34885, 34901, 34889] - 38.701789
[12683, 34901] - 45.9273
[33433, 34901] - 53.99999999999999
[12795, 34901] - 36.30700000000002
[12691, 34901] - 40.74650000000001
[34901, 12831] - 38.8487
[34893, 34901] - 52.58860000000001
[12695, 34901] - 42.755900000000004
[33469, 34901] - 46.624500000000005
[12895, 34901] - 41.40370000000001
[34901, 33449] - 54.65220000000001
[47945, 47957] - 58.088300000000004
[10877, 47957] - 36.3588
[12407, 35185] - 45.75589999999999
[12339, 35185] - 139.33390000000003
[10877, 35185] - 53.887299999999996
[34897, 33453] - 40.5053
[33453, 12687] - 39.29730000000002
[33453, 34905] - 51.99
[33453, 34889] - 53.85990000000002
[33453, 12683] - 51.02779999999999
[33469, 33433, 33453, 33449] - 40.746501620000004
[33433, 33453, 12895] - 37.476535000000005
[33453, 12795] - 39.061900000000016
[34885, 33453] - 45.58600000000002
[33453, 12691] - 49.07769999999997
[33453, 12827] - 46.9669
[33453, 12831] - 46.91529999999999
[33453, 12695] - 52.935399999999994
[33453, 12679] - 45.01350000000001
[12703, 33453] - 47.76820000000001
[33453, 10295] - 51.037499999999994
[33453, 12487] - 39.40439999999998
[33453, 10311] - 37.16869999999999
[10307, 33453] - 56.3064
[12771, 12755] - 111.88030000000002
[12763, 12755] - 48.39690000000002
[12779, 12755] - 51.77899999999999
[12759, 12755] - 49.020099999999985
[12751, 12755] - 64.79999999999998
[12755, 12723] - 43.58639999999999
[12755, 12621] - 46.337999999999994
[10295, 12755] - 39.3421
[10307, 12755] - 53.144800000000004
[10315, 12755] - 43.52979999999999
[12895, 12755] - 38.77469999999999
[12603, 12621] - 109.00020000000006
[12763, 12771] - 46.359200000000016
[12779, 12771] - 45.7939
[12759, 12771] - 69.01940000000002
[12715, 12771] - 45.142800000000015
[12771, 12723] - 45.5412
[12771, 12621] - 35.7781
[10295, 12771] - 39.89990000000001
[12483, 12771] - 43.482000000000006
[10307, 12771] - 55.3919
[10315, 12771] - 47.767100000000006
[12895, 12771] - 41.99820000000001
[32213, 12571, 34893] - 37.787684999999996
[12703, 12571, 34893] - 37.15623899999999
[12571, 34893, 12487] - 41.367520000000006
[32213, 12571, 12875] - 36.65972999999999
[12703, 12571, 12875] - 45.687819
[12571, 12487, 12875] - 48.879174
[12703, 32213, 12571] - 59.04856800000002
[32213, 12571, 12487] - 60.784464
[32213, 12571, 10311] - 45.70499199999997
[12703, 12571, 12487, 10311] - 35.81021388999999
[12571, 12483, 12487] - 41.06522900000001
[10315, 12571] - 66.21719999999996
[34897, 34905, 34889] - 37.48077300000001
[34897, 34885, 34905] - 36.69847800000001
[34897, 34885, 34889] - 38.73736699999999
[34897, 12683] - 40.8231
[33433, 34897] - 40.30740000000001
[34897, 34885, 34893] - 48.937748000000006
[34897, 34885, 12895] - 37.24383600000001
[34897, 34885, 33449] - 47.43403300000001
[34897, 12691] - 51.63709999999999
[34897, 12827] - 39.5322
[34897, 12831] - 36.659600000000005
[34897, 12875] - 38.23769999999999
[34897, 12695] - 60.796799999999976
[34897, 12679] - 42.18459999999998
[34897, 12703] - 52.7675
[34897, 10295] - 41.29920000000001
[34897, 12483] - 55.137200000000014
[34897, 12487] - 50.26839999999999
[33469, 34897] - 40.182300000000005
[10315, 10331, 10335] - 50.37602000000003
[12695, 10331] - 36.76059999999998
[32213, 10331] - 37.3057
[12703, 10331] - 40.06089999999999
[10295, 10331] - 71.97699999999999
[12483, 10331] - 66.17599999999999
[12487, 10331] - 36.82139999999999
[10331, 10311] - 56.463300000000004
[10307, 10331] - 60.62839999999999
[33469, 10331] - 44.2376
[12895, 10331] - 59.9937
[10331, 33449] - 62.00810000000001
[12759, 12779, 12763] - 38.227243
[12763, 32205] - 47.55480000000002
[12691, 12763] - 43.19789999999999
[12763, 12831] - 37.609300000000005
[12715, 12763] - 48.643200000000014
[12763, 12695] - 42.42319999999999
[12763, 12679] - 40.82040000000001
[10295, 12763] - 64.30699999999999
[12483, 12763] - 36.22069999999998
[12487, 12763] - 36.462399999999995
[12763, 10311] - 37.8819
[10307, 12763] - 64.4332
[10315, 12763] - 61.76759999999999
[12895, 12763] - 61.57070000000001
[12763, 33449] - 47.26080000000001
[12815, 10299] - 43.39089999999999
[12815, 12683] - 48.990399999999994
[12815, 12795, 12895] - 43.20456699999999
[12815, 12691] - 37.1158
[12815, 10307, 12827] - 36.67121999999999
[12815, 12827, 12895] - 83.97935100000007
[12815, 12819] - 60.131800000000005
[12815, 12895, 12831] - 37.930723000000015
[12815, 12895, 12695] - 36.38620699999999
[12815, 12679] - 53.30610000000002
[12815, 12663] - 39.45429999999999
[12815, 12703] - 53.353400000000015
[12815, 10295, 10311] - 38.492861000000005
[12815, 10307, 10295] - 52.387455999999986
[12815, 10295, 12895] - 59.172021
[12815, 12483] - 37.68700000000001
[12815, 12487] - 43.483
[12815, 12895, 10311] - 43.32516000000001
[12815, 10307, 12895] - 62.013957999999995
[12815, 10315, 12895] - 40.43468399999998
[12815, 33469, 12895] - 36.78864800000001
[12815, 12895, 33449] - 37.072998
[10299, 12687] - 47.708300000000015
[34905, 12687] - 46.97289999999999
[12687, 12479] - 39.744899999999994
[12687, 34889] - 45.61319999999999
[12691, 12683, 12687] - 52.243024000000005
[12683, 12695, 12687] - 46.890576999999986
[12683, 12679, 12687] - 37.070800000000006
[12703, 12683, 12687] - 37.074852
[12779, 12687] - 37.20659999999999
[12463, 12687] - 36.21459999999999
[33433, 12687] - 42.220100000000016
[12795, 12687] - 47.73449999999999
[34885, 12687] - 36.134100000000004
[12691, 12695, 12687] - 50.171025000000014
[12703, 12691, 12687] - 40.652542
[12827, 12687] - 60.36009999999999
[12819, 12687] - 36.682400000000015
[12687, 12831] - 69.6263
[12687, 12875] - 46.6912
[12703, 12695, 12687] - 42.33873699999999
[12663, 12687] - 50.514900000000004
[12703, 12487, 12687] - 35.873898000000004
[10295, 12687] - 54.17150000000001
[12483, 12687] - 71.24499999999998
[10311, 12687] - 56.258600000000015
[10307, 12687] - 64.0469
[10315, 12687] - 54.32460000000003
[33469, 12687] - 48.41869999999997
[12895, 12687] - 54.54859999999999
[12687, 33449] - 59.76779999999997
[10299, 12479] - 43.022300000000016
[12683, 10299] - 46.666999999999994
[12779, 10299] - 38.431
[33433, 10299] - 43.874299999999984
[12795, 10299] - 47.78839999999997
[12691, 10299] - 51.996500000000005
[12827, 10299] - 50.01130000000002
[12819, 10299] - 47.1538
[10299, 10335] - 38.0215
[10307, 10299, 12831] - 37.023488
[10295, 10299, 12695] - 41.729578
[10307, 10299, 12695] - 42.80069100000001
[10299, 12679] - 46.22630000000002
[12663, 10299] - 40.452400000000004
[12703, 10299] - 49.14689999999999
[10307, 10295, 10299, 10311] - 52.63154497
[10315, 10307, 10295, 10299] - 41.34742567000001
[10295, 12895, 10299] - 43.79742
[12483, 10299] - 48.5532
[10307, 12487, 10299] - 35.847049999999996
[10315, 10299, 10311] - 52.04579400000003
[10307, 12895, 10299] - 48.952708
[33469, 10299] - 56.80250000000003
[10299, 33449] - 50.62949999999999
[34885, 34905, 34889] - 43.91702200000001
[34905, 33449, 34889] - 37.478603
[12683, 34905] - 48.464400000000005
[33433, 34905] - 53.2171
[12795, 34905] - 44.743200000000016
[12691, 34905] - 54.21140000000002
[34905, 12831] - 53.17239999999999
[34893, 34905] - 53.6714
[34905, 12695] - 55.08969999999999
[34905, 12679] - 41.77869999999999
[10295, 34905] - 38.5917
[12483, 34905] - 40.5448
[12487, 34905] - 39.245
[10307, 34905] - 38.156099999999995
[33469, 34905] - 54.301399999999994
[12895, 34905] - 52.09559999999999
[12683, 12479] - 51.83919999999996
[12463, 12479] - 58.65910000000002
[32205, 12479] - 38.851900000000015
[12691, 12479] - 54.913400000000024
[12827, 12479] - 46.077999999999996
[12819, 12479] - 41.31060000000001
[12831, 12479] - 58.51940000000001
[12875, 12479] - 50.67759999999999
[12695, 12479] - 66.2722
[32213, 12479] - 44.6404
[12679, 12479] - 42.8932
[12703, 12487, 12479] - 36.487758
[12483, 10295, 12479] - 37.591116
[10295, 12487, 12479] - 36.94650000000001
[10295, 10311, 12479] - 36.989594000000004
[10307, 10295, 12479] - 38.12915900000001
[12483, 12487, 12479] - 81.11342200000001
[12483, 10311, 12479] - 45.788076999999966
[10315, 12483, 12479] - 41.709083000000014
[12487, 10311, 12479] - 51.22845599999997
[10315, 12487, 12479] - 41.83361899999999
[10307, 10311, 12479] - 36.07350600000001
[33469, 12479] - 42.09640000000002
[12895, 12479] - 71.75430000000003
[33449, 12479] - 58.46339999999999
[18787] - 555.859999999999
[12683, 34889] - 51.887999999999984
[33433, 34889] - 60.196099999999994
[12795, 34889] - 47.53090000000002
[34885, 34893, 34889] - 36.43579999999999
[12691, 34889] - 56.16710000000002
[12819, 34889] - 36.2405
[12831, 34889] - 49.71839999999999
[12695, 34889] - 61.3889
[12679, 34889] - 38.8647
[10295, 34889] - 39.76809999999998
[12483, 34889] - 41.934
[12487, 34889] - 41.09989999999999
[10307, 34889] - 45.70740000000001
[33469, 33449, 34889] - 35.920441999999994
[12895, 34889] - 51.41210000000002
[12407, 12411] - 101.41109999999995
[12407, 12339] - 45.43629999999999
[12407, 12431] - 55.718299999999985
[12463, 12655] - 42.79860000000001
[12795, 12655] - 39.807300000000005
[12691, 12655] - 45.55940000000001
[12659, 12655] - 39.506499999999996
[12819, 12655] - 50.8974
[12695, 12655] - 45.502
[12703, 12655] - 35.7895
[10295, 12655] - 59.490200000000016
[10311, 12655] - 39.397299999999994
[10307, 12655] - 67.8109
[10315, 12655] - 58.975999999999985
[33469, 12655] - 62.030799999999985
[12895, 12655] - 52.186499999999995
[33449, 12655] - 42.823100000000004
[12627, 12683] - 53.35210000000002
[12463, 12683] - 53.419999999999995
[33433, 12683] - 59.64159999999999
[12795, 12683] - 63.011900000000004
[34885, 12683] - 42.79430000000001
[12691, 12683, 12695] - 59.206553000000014
[12691, 12683, 12679] - 39.54465799999999
[12703, 12691, 12683] - 42.28938800000001
[12691, 12683, 33449] - 36.08375499999999
[12827, 12683, 12679] - 41.37665499999999
[12827, 12895, 12683] - 43.96493399999999
[12819, 12683] - 47.019000000000005
[12683, 12695, 12831] - 41.318919999999984
[12683, 12679, 12831] - 36.76624799999999
[12895, 12683, 12831] - 36.25537099999998
[34893, 12683] - 35.962800000000016
[12683, 12875] - 49.602800000000016
[12683, 12695, 12679] - 54.63315
[12703, 12683, 12695] - 66.01381700000005
[10295, 12683, 12695] - 41.81508000000003
[10307, 12683, 12695] - 38.62779100000001
[12895, 12683, 12695] - 45.92566599999999
[12683, 12695, 33449] - 43.527491999999995
[32213, 12683] - 39.69869999999999
[12703, 12683, 12679] - 60.925809
[10295, 12683, 12679] - 37.895523000000004
[10307, 12683, 12679] - 43.281972
[12895, 12683, 12679] - 55.712373
[12683, 12679, 33449] - 38.43865600000001
[12663, 12683] - 51.671900000000015
[12703, 12487, 12683] - 41.709883000000005
[12703, 12895, 12683] - 44.194677000000006
[12703, 12683, 33449] - 37.879308
[10307, 10295, 12683] - 51.136743999999986
[12483, 12683] - 54.40540000000002
[12683, 10311] - 69.03190000000002
[10315, 12683] - 74.56800000000004
[33469, 12683, 33449] - 42.287752000000005
[12627, 32205] - 39.87559999999999
[12627, 34885] - 51.20739999999997
[12627, 12691] - 79.07109999999999
[12627, 12831] - 44.241800000000005
[12627, 12695] - 58.2439
[12627, 12621] - 45.764100000000006
[12627, 12679] - 42.189600000000006
[12627, 12663] - 37.13499999999999
[12627, 12703] - 40.8869
[12627, 10295] - 68.8893
[12627, 12483] - 42.69590000000001
[12627, 12487] - 40.3264
[12627, 10311] - 45.87530000000001
[12627, 10307] - 65.6547
[12627, 10315] - 57.463600000000014
[12627, 33469] - 44.3858
[12627, 12895] - 58.84189999999999
[12627, 33449] - 66.7564
[12779, 32205] - 41.373399999999975
[12779, 12783] - 59.29150000000002
[12715, 12779] - 40.529999999999994
[12779, 12621] - 36.360000000000014
[12779, 12663] - 38.459300000000006
[12779, 10295] - 48.506600000000006
[12779, 12483] - 37.736300000000014
[12779, 10311] - 43.1194
[10307, 12779] - 59.77029999999998
[10315, 12779] - 47.920100000000005
[12779, 12895] - 43.7506
[12355, 12411] - 38.981899999999996
[12411, 12431] - 51.30220000000001
[12795, 12463] - 66.8242
[12691, 12463] - 68.33709999999999
[12827, 12463] - 44.59420000000001
[12819, 12463] - 59.584999999999994
[12463, 12831] - 60.053599999999975
[12463, 12875] - 41.82919999999999
[12463, 12695] - 64.02470000000001
[12463, 12679] - 42.0481
[12703, 12463] - 48.59230000000001
[10295, 12463] - 79.26080000000005
[12483, 12487, 12463] - 41.763347999999986
[12463, 10311] - 48.922599999999996
[10307, 12463] - 57.221100000000014
[10315, 12463] - 63.6054
[33469, 12463] - 40.7908
[12895, 12463] - 69.1491
[12463, 33449] - 56.41639999999998
[12759, 32205] - 43.76410000000001
[12759, 12827] - 39.39160000000001
[12759, 12831] - 36.227900000000005
[12715, 12759] - 55.71969999999999
[12759, 12723] - 43.67180000000002
[12759, 12695] - 44.35080000000001
[12759, 12621] - 49.4515
[12759, 32213] - 41.415400000000005
[12759, 12679] - 44.083299999999994
[12759, 12663] - 35.91539999999999
[12759, 12703] - 45.6488
[12759, 10295] - 65.03780000000002
[12759, 12483] - 66.98550000000003
[12759, 12487] - 49.600400000000015
[12759, 10311] - 67.2859
[12759, 10307] - 76.94660000000003
[12759, 10315] - 78.89660000000006
[12759, 33469] - 36.806700000000006
[12759, 12895] - 62.944
[12759, 33449] - 52.22709999999997
[18863, 12355, 12895, 12783] - 38.035715760000016
[18863, 12751, 12431] - 73.62220100000002
[18863, 12751, 12895] - 41.44953499999998
[18863, 12663, 12355] - 39.25175100000001
[18863, 12431, 12679] - 37.152135
[18863, 12895, 12431] - 42.227853999999994
[18863, 12621] - 90.9058
[10307, 18863] - 39.71939999999999
[10315, 18863] - 46.344199999999994
[34885, 32205] - 54.3001
[12691, 32205] - 46.23599999999998
[12827, 32205] - 41.046099999999996
[32205, 12831] - 45.2281
[34893, 32205] - 47.105399999999996
[32205, 12875] - 38.0328
[12695, 32205] - 80.01940000000002
[12703, 32213, 32205] - 53.50530000000001
[32213, 12483, 32205] - 39.927937999999976
[32213, 12487, 32205] - 53.140886999999985
[32213, 10311, 32205] - 49.37490100000001
[10315, 32213, 32205] - 41.31892
[10307, 10295, 32205] - 40.70397
[12483, 12487, 32205] - 40.526640000000015
[12487, 10311, 32205] - 36.128275
[33469, 32205] - 68.29980000000003
[12895, 32205] - 66.42259999999997
[32205, 33449] - 89.258
[33433, 12795] - 51.469999999999985
[33433, 34885] - 45.93370000000001
[33433, 12691] - 56.578800000000015
[33433, 12827] - 55.21980000000003
[33433, 12819] - 36.185199999999995
[33433, 12831] - 60.59869999999999
[33433, 34893] - 41.821100000000015
[33433, 12695, 33449] - 40.323993
[33433, 12679] - 52.0039
[33433, 12703] - 49.2528
[10307, 33433, 10295] - 42.47558899999999
[33469, 33433, 10295] - 38.870191000000005
[33433, 10295, 33449] - 39.86557000000001
[33433, 12483] - 37.8176
[33433, 12487] - 42.85990000000002
[33433, 10311] - 42.55330000000001
[33469, 33433, 10307] - 37.91323700000002
[10315, 33433] - 44.55860000000001
[33469, 33433, 12895] - 39.07803
[33433, 12895, 33449] - 42.712104000000004
[12559, 12567] - 46.973699999999994
[10877, 12339] - 87.84449999999994
[12691, 12795] - 68.65979999999999
[12827, 12795, 12831] - 39.479798
[12827, 12795, 12895] - 40.39026299999998
[12819, 12795, 12831] - 61.95852600000002
[12819, 10295, 12795] - 43.41411899999998
[10307, 12819, 12795] - 36.555145999999986
[12795, 10335] - 39.62859999999999
[12795, 12695, 12831] - 40.36111499999997
[12703, 12795, 12831] - 36.046197
[10295, 12795, 12831] - 48.96528200000002
[12487, 12795, 12831] - 36.270986
[10307, 12795, 12831] - 46.59201700000003
[12795, 12895, 12831] - 51.84325799999996
[12795, 12875] - 49.96009999999998
[12703, 12795, 12695] - 37.63927699999999
[12795, 12679] - 61.70659999999997
[10295, 12795, 10311] - 39.441902
[10307, 10295, 12795] - 55.99595599999999
[12483, 12795] - 56.30269999999999
[10315, 12795] - 78.81530000000002
[33469, 12795, 33449] - 36.236301999999995
[34885, 12691, 33449] - 36.415774
[34885, 12827] - 49.70289999999999
[34885, 12831] - 43.59269999999999
[34885, 12875] - 42.2504
[34885, 12695, 33449] - 36.029943999999986
[32213, 34885] - 38.36140000000001
[34885, 12679] - 54.19490000000002
[12703, 34885] - 52.70229999999997
[34885, 10295] - 54.05650000000001
[34885, 12483] - 56.954699999999995
[34885, 12487] - 53.3111
[34885, 10311] - 37.2719
[10307, 34885] - 45.34230000000001
[10315, 34885] - 49.19480000000001
[33469, 34885, 33449] - 39.87644599999999
[34885, 12895, 33449] - 38.975557
[12751, 12783] - 52.42519999999999
[12783, 12621] - 63.64900000000001
[12827, 12691] - 63.4657
[12819, 12691] - 70.28169999999997
[12691, 12695, 12831] - 39.15398500000002
[34893, 12691] - 36.3314
[12691, 12875] - 47.24999999999999
[12703, 12691, 12695] - 66.174041
[10295, 12691, 12695] - 41.02081300000001
[12691, 12487, 12695] - 36.633811999999985
[10307, 12691, 12695] - 36.97847300000001
[12691, 12895, 12695] - 43.300286000000014
[12691, 12695, 33449] - 46.377898
[12691, 12663] - 37.61820000000001
[12703, 12691, 12487] - 39.32056200000002
[12703, 12691, 12895] - 37.418482
[10307, 10295, 12691] - 44.5628
[12483, 12691] - 59.63719999999999
[12691, 10311] - 58.201299999999996
[10315, 12691] - 77.98919999999995
[33469, 12691, 33449] - 43.201524000000006
[12819, 12827] - 51.90760000000001
[12827, 12895, 12831] - 50.853940000000016
[34893, 12827] - 42.35110000000002
[12827, 12895, 12875] - 49.25844400000001
[12703, 12827, 12695] - 45.11163599999999
[12827, 12895, 12695] - 47.92249599999998
[32213, 12827] - 41.9929
[12703, 12827, 12679] - 39.462292000000005
[12827, 12895, 12679] - 61.157368999999996
[12827, 12663] - 58.67450000000001
[12703, 12827, 12895] - 52.729985999999975
[12827, 10295, 10311] - 47.81459000000002
[10307, 12827, 10295, 12895] - 37.594638530000026
[10315, 12827, 10295] - 41.639187000000014
[12483, 12827, 12487] - 41.51810599999999
[12483, 12827, 12895] - 41.520060999999984
[12827, 12487, 12895] - 46.44718999999999
[10307, 12827, 10311] - 44.588954
[10315, 12827, 10311] - 39.221504999999986
[12827, 12895, 10311] - 50.272685
[10315, 10307, 12827] - 36.370519
[10315, 12827, 12895] - 50.09544299999999
[33469, 12827, 12895] - 46.327035000000045
[33469, 12827, 33449] - 45.49982400000001
[12827, 12895, 33449] - 58.63130900000001
[12663, 12751, 12355] - 36.73078099999999
[12751, 12431, 12679] - 37.24985900000001
[12751, 12895, 12431] - 41.283469000000004
[12751, 12621] - 55.41259999999998
[12559, 12355] - 41.2629
[12355, 12431] - 70.16329999999999
[10877, 12355] - 69.18050000000002
[10877, 12559] - 50.19809999999999
[12819, 10295, 12831] - 37.40507199999999
[12819, 12875] - 36.7427
[12819, 12695] - 69.27799999999999
[12819, 12679] - 36.39079999999999
[12703, 12819] - 51.184799999999996
[12819, 10295, 10311] - 36.82585700000001
[10307, 12819, 10295] - 52.417922000000004
[12483, 12819] - 45.5529
[12819, 12487] - 53.635900000000014
[10315, 12819] - 86.79600000000002
[33469, 12819] - 58.37389999999997
[12819, 12895] - 121.90960000000003
[12819, 33449] - 61.02749999999997
[12831, 10335] - 39.7271
[12875, 10335] - 46.46059999999997
[32213, 10335] - 46.296800000000005
[12703, 10335] - 48.54100000000003
[10295, 10311, 10335] - 44.37264500000001
[10307, 10295, 10335] - 45.317010000000025
[10315, 10295, 10335] - 63.448049000000026
[12483, 10335] - 62.96080000000002
[12487, 10335] - 54.06489999999997
[10315, 10311, 10335] - 55.743520000000025
[10315, 10307, 10335] - 46.11530700000001
[12895, 10335] - 58.690100000000015
[33449, 10335] - 38.29550000000001
[12875, 12831] - 65.77280000000003
[12703, 12695, 12831] - 44.804051000000015
[12895, 12695, 12831] - 38.24895399999999
[32213, 12831] - 41.1291
[12895, 12679, 12831] - 38.276928000000005
[12663, 12831] - 44.7558
[10295, 10311, 12831] - 43.226381
[10307, 10295, 12831] - 59.85555800000001
[10315, 10295, 12831] - 45.007415
[10295, 12895, 12831] - 37.00452799999999
[12483, 12487, 12831] - 44.42507099999999
[10307, 10311, 12831] - 42.665767
[10315, 10311, 12831] - 39.257667000000005
[10315, 10307, 12831] - 40.46524900000001
[10307, 12895, 12831] - 37.31792000000001
[33469, 33449, 12831] - 45.51756599999998
[10877, 12431] - 52.57409999999998
[12431, 12621] - 44.77709999999999
[10315, 12431] - 45.0122
[32213, 34893, 12875] - 55.99352000000001
[12703, 34893, 12487, 12875] - 41.82112643999999
[12483, 34893, 12875] - 44.61235800000001
[34893, 10311, 12875] - 49.97240100000002
[12703, 34893, 12695] - 36.95837299999997
[32213, 12703, 34893, 12487] - 45.76669978000002
[32213, 12703, 34893, 10311] - 40.24673139000001
[32213, 12483, 34893] - 41.82219299999999
[32213, 34893, 12487, 10311] - 37.18184142
[34893, 12679] - 45.44499999999999
[12703, 12483, 34893, 12487] - 36.37776539999999
[12703, 34893, 12487, 10311] - 39.277582130000006
[10295, 34893] - 45.66239999999999
[12483, 34893, 10311] - 42.56160400000001
[10307, 34893] - 45.40649999999999
[10315, 34893] - 62.75039999999998
[33469, 34893] - 51.141500000000015
[34893, 12895] - 55.224400000000024
[34893, 33449] - 69.69849999999998
[12715, 12723] - 130.28930000000014
[12715, 10295] - 51.12190000000001
[12715, 10311] - 48.396600000000014
[12715, 10307] - 53.52990000000001
[12715, 10315] - 61.89280000000002
[12715, 33469] - 36.0145
[12715, 12895] - 49.09810000000001
[12715, 33449] - 38.8717
[12723, 12621] - 41.2527
[10295, 12723] - 52.38430000000004
[10311, 12723] - 42.9835
[10307, 12723] - 47.96490000000001
[10315, 12723] - 60.19840000000002
[33469, 12723] - 45.77709999999998
[12895, 12723] - 60.48529999999998
[12723, 33449] - 40.25900000000001
[12703, 12695, 12875] - 40.283462000000014
[32213, 12703, 12487, 12875] - 40.44823637
[32213, 12483, 12875] - 37.16592299999999
[32213, 12487, 10311, 12875] - 35.78509951
[12679, 12875] - 59.75449999999998
[12703, 12483, 12875] - 49.220834000000025
[12703, 12487, 10311, 12875] - 44.07381969999998
[10295, 10311, 12875] - 41.079039999999985
[12483, 12487, 10311, 12875] - 40.71355441000001
[10315, 12483, 12875] - 37.007306
[10315, 12487, 12875] - 43.97433099999998
[12487, 12895, 12875] - 40.198326
[10315, 10311, 12875] - 47.182252000000005
[10307, 12875] - 66.85460000000005
[33469, 12875] - 46.116699999999994
[33449, 12875] - 60.00350000000001
[12703, 32213, 12695] - 57.00804400000002
[32213, 12487, 12695] - 37.50139099999999
[12703, 12695, 12679] - 82.17539600000003
[10295, 12695, 12679] - 38.20004000000001
[10307, 12695, 12679] - 35.773076
[12895, 12695, 12679] - 49.32542200000003
[12695, 12679, 33449] - 37.27782500000001
[12663, 12695] - 41.73520000000003
[12703, 10295, 12695, 10311] - 36.35678848000001
[12703, 12483, 12487, 12695] - 36.216441960000004
[10307, 12703, 12695] - 56.760104999999996
[10315, 12703, 12695] - 59.196454000000024
[33469, 12703, 12695] - 37.58271499999999
[12703, 12895, 12695] - 69.223467
[12703, 12695, 33449] - 52.36323699999999
[10295, 12487, 12695] - 35.974133
[10307, 10295, 12695] - 87.72854099999996
[10315, 10295, 12695] - 57.114287000000004
[33469, 10295, 12695] - 36.01424000000001
[10295, 12895, 12695] - 51.531949
[10295, 12695, 33449] - 50.099555
[12487, 12695, 10311] - 45.80074099999998
[10315, 12487, 12695] - 39.98111700000001
[12487, 12895, 12695] - 39.70021299999999
[10307, 12695, 10311] - 51.53895100000002
[10315, 12695, 10311] - 49.347411000000015
[12895, 12695, 10311] - 41.01897400000001
[10315, 10307, 12695] - 44.232871000000024
[10307, 12895, 12695] - 45.67068
[10307, 12695, 33449] - 37.877513
[33469, 12695, 33449] - 59.112529999999985
[12895, 12695, 33449] - 47.37226199999999
[12679, 12621] - 38.4266
[12703, 12621] - 36.0908
[10295, 12621] - 54.461899999999986
[12483, 12621] - 53.07460000000002
[12487, 12621] - 44.378400000000006
[10311, 12621] - 62.624100000000006
[10307, 12621] - 102.92320000000007
[10315, 12621] - 97.64709999999998
[12895, 12621] - 76.89750000000002
[32213, 12679] - 62.12519999999999
[32213, 12703, 10295] - 40.033574999999985
[32213, 12703, 12483, 12487] - 41.733917229999975
[32213, 12703, 12487, 10311] - 62.14019394000001
[10315, 32213, 12703, 12487] - 35.80813377000002
[10307, 32213, 12703] - 39.271111999999995
[32213, 10295, 12487] - 38.14828899999999
[32213, 10295, 10311] - 47.364614
[10307, 32213, 10295] - 40.611532000000004
[10315, 32213, 10295] - 40.320097000000004
[32213, 12483, 12487, 10311] - 39.39281802000002
[10315, 32213, 12483] - 40.362594
[10307, 32213, 12487] - 39.343047000000006
[10307, 32213, 10311] - 51.354853
[10315, 32213, 10311] - 65.09993400000002
[10315, 10307, 32213] - 37.38812300000001
[33469, 32213] - 65.62539999999998
[32213, 12895] - 71.31030000000004
[32213, 33449] - 83.49839999999996
[10307, 12663, 12679] - 35.93890499999999
[12663, 12895, 12679] - 56.11055299999999
[12703, 10295, 12679] - 38.63816800000001
[12703, 12487, 12679] - 46.58670799999999
[12703, 10311, 12679] - 47.988727999999995
[10307, 12703, 12679] - 41.63560299999999
[10315, 12703, 12679] - 38.055485
[12703, 12895, 12679] - 58.13573300000001
[12703, 12679, 33449] - 37.58542800000001
[10295, 10311, 12679] - 44.22827100000002
[10307, 10295, 12679] - 61.46306300000001
[10295, 12895, 12679] - 48.191552000000016
[12483, 12679] - 79.93240000000002
[10307, 12679, 10311] - 38.91444499999998
[10315, 12679, 10311] - 37.832248
[10307, 12895, 12679] - 57.09186700000002
[33469, 12679] - 65.9635
[12895, 12679, 33449] - 37.405132000000016
[12703, 12663] - 56.4766
[10307, 10295, 12663] - 36.43532099999999
[12483, 12663] - 49.53090000000002
[12487, 12663] - 53.51550000000001
[12663, 10311] - 68.41339999999998
[10307, 12663, 12895] - 40.673030999999995
[10315, 12663] - 66.3989
[33469, 12663] - 37.06959999999999
[12663, 33449] - 48.071000000000005
[12703, 10295, 12487] - 45.58713300000001
[10307, 12703, 10295, 10311] - 36.74737458999999
[10315, 12703, 10295] - 52.549766000000005
[12703, 10295, 12895] - 40.181124
[12703, 12483, 12487, 10311] - 49.74564106000001
[10315, 12703, 12483] - 44.9322
[10315, 12703, 12487, 10311] - 40.891194569999996
[10307, 12703, 12487] - 47.095659999999995
[12703, 12487, 12895] - 45.00996799999999
[12703, 12487, 33449] - 40.87666200000001
[12703, 12895, 10311] - 43.62387999999999
[10315, 10307, 12703] - 46.41859000000001
[10307, 12703, 12895] - 38.510897
[33469, 12703, 33449] - 40.921172
[12703, 12895, 33449] - 39.595015000000004
[12483, 10295, 12487] - 57.31889699999997
[12483, 10295, 10311] - 62.71411900000001
[10307, 12483, 10295] - 51.189547999999995
[10315, 12483, 10295] - 46.570018
[10295, 12487, 10311] - 76.58935399999996
[10307, 10295, 12487] - 61.61717000000003
[10315, 10295, 12487] - 61.99736800000001
[10295, 12487, 12895] - 37.44730300000001
[10315, 10307, 10295, 10311] - 64.46578323000003
[10307, 10295, 12895, 10311] - 42.180184440000005
[33469, 10295, 10311] - 37.51732199999998
[10295, 10311, 33449] - 45.437744
[33469, 10307, 10295] - 57.76164799999997
[10307, 10295, 33449] - 62.29450699999999
[33469, 10315, 10295] - 39.75876499999999
[10315, 10295, 12895] - 71.81914300000003
[10315, 10295, 33449] - 49.513629
[33469, 10295, 12895] - 36.320599
[33469, 10295, 33449] - 67.95763099999996
[10295, 12895, 33449] - 43.674601
[10315, 12483, 12487, 10311] - 40.75870966999999
[10307, 12483, 12487] - 53.143758
[12483, 12487, 12895] - 46.751349
[10307, 12483, 10311] - 58.407541999999985
[10315, 10307, 12483] - 45.357528
[33469, 12483] - 54.036
[12483, 33449] - 85.6678
[10307, 12487, 10311] - 69.99141399999998
[12487, 12895, 10311] - 38.87892600000001
[10315, 10307, 12487] - 54.216204999999995
[33469, 12487, 33449] - 36.29201599999999
[33469, 10307, 10311] - 43.77050899999999
[10315, 12895, 10311] - 55.74479099999997
[33469, 10311, 33449] - 36.98410400000001
[10315, 10307, 12895] - 48.493675
[33469, 10307, 33449] - 57.47746500000002
[10307, 12895, 33449] - 37.02272099999999
[10315, 33469, 33449] - 47.94379499999999
[33469, 12895, 33449] - 78.44325099999999
