Total itemsets found: 1378
Elapsed time: 3734ms
[24] - 1031.5200000000011
[14] - 1109.2199999999987
[2] - 1138.1100000000008
[1] - 1250.460000000002
[13, 29] - 964.2736999999984
[13, 58] - 961.1046999999999
[13, 40] - 969.7661999999991
[23, 31] - 988.0422000000002
[23, 64] - 1008.8223999999997
[23, 42] - 995.2156000000003
[23, 3] - 1007.0546999999997
[23, 48] - 973.8387000000013
[56, 23] - 966.8621999999992
[34, 23] - 971.1658
[23, 62] - 974.4746999999988
[23, 7] - 992.8743000000003
[23, 36] - 1015.1264
[23, 60] - 1004.0094999999984
[23, 52] - 1026.5270999999996
[23, 29] - 1026.8235999999993
[23, 58] - 1027.576999999998
[23, 40] - 1037.0576999999992
[17, 19] - 1106.8839000000007
[46, 19] - 1096.9644
[19, 42] - 962.8353999999988
[3, 19] - 991.2364000000006
[25, 19] - 976.4359999999994
[19, 9] - 994.0640999999998
[5, 19] - 1007.3401999999984
[48, 19] - 1023.3548999999981
[56, 19] - 1042.6761
[34, 19] - 1043.4449999999981
[66, 19] - 1045.8547999999998
[19, 62] - 1044.4926999999986
[7, 19] - 1062.0894999999987
[36, 19] - 1057.8246000000006
[19, 60] - 1078.055699999998
[19, 52] - 1099.287000000001
[29, 19] - 1096.2671999999998
[58, 19] - 1097.7530999999985
[19, 40] - 1103.8671
[3, 50] - 1005.1209000000006
[25, 50] - 977.4680999999977
[9, 50] - 1006.6748999999994
[5, 50] - 1022.6168999999983
[48, 50] - 1014.9768999999989
[56, 50] - 1055.0472999999986
[34, 50] - 1050.3535000000008
[66, 50] - 1052.6828999999993
[50, 62] - 1077.414799999999
[7, 50] - 1107.0664999999985
[36, 50] - 1055.9654999999987
[60, 50] - 1082.0523000000003
[50, 52] - 1096.6001000000008
[29, 50] - 1107.1401999999994
[58, 50] - 1107.030799999999
[50, 40] - 1114.9866000000002
[68, 25] - 998.5990999999997
[68, 9] - 1009.5267999999993
[68, 5] - 1039.4832
[68, 48] - 1028.809299999999
[56, 68] - 1100.1751999999972
[34, 68] - 1083.676099999998
[66, 68] - 1029.7200999999993
[68, 62] - 1081.6310999999987
[68, 7] - 1066.8540999999998
[68, 36] - 1070.7576999999978
[68, 60] - 1080.1673999999996
[68, 52] - 1108.7630999999994
[68, 29] - 1107.0343999999973
[68, 58] - 1111.078799999996
[68, 40] - 1105.4719000000007
[38, 70] - 1021.9630999999996
[70, 64] - 972.1848999999985
[70, 42] - 995.1760999999991
[3, 70] - 1044.7060999999997
[25, 70] - 976.2284999999991
[9, 70] - 1085.1826999999976
[5, 70] - 1101.6291999999983
[48, 70] - 1033.1965000000002
[56, 70] - 1087.538899999995
[34, 70] - 1104.4158999999986
[66, 70] - 1059.1275
[70, 62] - 1106.7650999999994
[7, 70] - 1122.483499999998
[36, 70] - 1077.1763000000003
[70, 60] - 1108.9984000000004
[70, 52] - 1123.0125999999993
[29, 70] - 1136.457999999998
[58, 70] - 1133.800399999999
[70, 40] - 1144.9326000000012
[15, 17] - 1091.0104999999978
[15, 42] - 965.7236000000007
[3, 15] - 1049.670699999999
[25, 15] - 990.1908999999994
[15, 9] - 1015.9927999999995
[15, 5] - 1017.4453999999984
[48, 15] - 1066.5560999999987
[56, 15] - 1069.0578999999984
[34, 15] - 1066.3582999999978
[66, 15] - 1085.1661999999994
[15, 62] - 1064.074800000001
[15, 7] - 1117.2059000000002
[36, 15] - 1086.7579999999975
[15, 60] - 1121.2866999999987
[15, 52] - 1129.4295000000013
[15, 29] - 1136.5569000000007
[58, 15] - 1137.3899000000006
[15, 40] - 1133.4532
[11, 17] - 1025.1067000000005
[11, 46] - 961.9185
[11, 42] - 985.6657000000014
[11, 3] - 1070.1145000000008
[11, 25] - 1007.4589000000008
[11, 9] - 1113.6309000000012
[11, 5] - 1084.0701000000004
[11, 48] - 1083.9519999999989
[11, 56] - 1143.6748999999986
[11, 34] - 1118.9152000000029
[66, 11] - 1116.7862000000018
[11, 62] - 1145.856500000001
[11, 7] - 1154.4427000000003
[11, 36] - 1133.8473999999978
[11, 60] - 1163.0018000000011
[11, 52] - 1191.1806
[11, 29] - 1191.876099999997
[11, 58] - 1193.678400000001
[11, 40] - 1191.5706999999998
[27, 17] - 976.2190999999996
[46, 27] - 981.2443999999984
[44, 27] - 963.2249000000002
[27, 42] - 969.5792
[3, 27] - 1088.3349999999991
[25, 27] - 1103.1738999999984
[27, 9] - 1108.7221999999983
[5, 27] - 1107.0731000000014
[48, 27] - 1179.2974000000006
[56, 27] - 1158.6188000000004
[34, 27] - 1147.157999999997
[66, 27] - 1154.663100000001
[27, 62] - 1166.2251999999978
[27, 7] - 1193.1533999999988
[36, 27] - 1200.1499999999999
[27, 60] - 1205.590499999999
[27, 52] - 1227.572
[27, 29] - 1230.4976999999967
[58, 27] - 1229.9935000000007
[27, 40] - 1226.5931000000019
[38, 74] - 966.9707000000001
[38, 31] - 996.6222000000009
[44, 38] - 1074.3106999999973
[38, 64] - 1076.7218999999975
[38, 42] - 1097.5124000000003
[3, 38] - 1086.5561999999998
[25, 38] - 1103.1236
[38, 9] - 1139.6070999999974
[5, 38] - 1201.9174000000003
[48, 38] - 1139.8918999999958
[56, 38] - 1183.5990999999995
[34, 38] - 1180.9733999999992
[66, 38] - 1168.652599999996
[38, 62] - 1214.9912000000004
[38, 7] - 1197.487699999998
[36, 38] - 1185.7821999999996
[38, 60] - 1217.455400000001
[38, 52] - 1229.302500000002
[38, 29] - 1232.7586999999962
[58, 38] - 1236.7030999999988
[38, 40] - 1249.9807000000008
[74, 54] - 1096.3627999999994
[46, 54] - 1009.046699999999
[44, 54] - 1047.9978
[42, 54] - 973.7390999999984
[3, 54] - 1038.1462999999999
[25, 54] - 1125.3812999999998
[9, 54] - 1127.263799999999
[5, 54] - 1154.2852999999998
[48, 54] - 1155.1796000000004
[56, 54] - 1181.9046999999982
[34, 54] - 1179.1900999999987
[66, 54] - 1143.3818000000038
[62, 54] - 1194.5858999999982
[7, 54] - 1192.8038999999992
[36, 54] - 1193.1284000000007
[60, 54] - 1200.8474999999994
[52, 54] - 1233.1833999999997
[29, 54] - 1235.4712000000002
[58, 54] - 1243.3563000000015
[40, 54] - 1237.3003999999985
[17, 21] - 1061.1520999999993
[31, 21] - 980.1763000000002
[44, 21] - 1049.3207000000004
[64, 21] - 986.2489999999984
[42, 21] - 1061.0648000000006
[3, 21] - 1098.6196999999993
[25, 21] - 1124.4658999999992
[9, 21] - 1113.1956999999995
[5, 21] - 1173.6149000000014
[48, 21] - 1174.1584999999986
[56, 21] - 1169.0960000000011
[34, 21] - 1184.2351999999998
[66, 21] - 1176.3986000000004
[62, 21] - 1182.7203000000002
[7, 21] - 1216.1248000000016
[36, 21] - 1218.242700000001
[60, 21] - 1223.8253000000016
[52, 21] - 1238.6295000000011
[29, 21] - 1245.6508999999976
[58, 21] - 1251.0815999999988
[40, 21] - 1244.5770000000007
[17, 72] - 1026.3860999999977
[72, 31] - 1118.8135999999975
[46, 72] - 1050.5027999999975
[44, 72] - 1052.4532999999983
[72, 64] - 1202.2147999999975
[72, 42] - 1234.7313
[3, 72] - 1221.1991
[25, 72] - 1189.0257999999994
[9, 72] - 1169.0338999999997
[5, 72] - 1237.0425999999984
[48, 72] - 1244.3078999999993
[56, 72] - 1233.2765000000002
[34, 72] - 1261.8092999999983
[66, 60, 72] - 985.2513920000001
[66, 72, 52] - 989.4776810000008
[66, 29, 72] - 990.6327819999989
[66, 58, 72] - 990.9729830000019
[66, 72, 40] - 996.4307780000007
[72, 62] - 1260.880500000001
[7, 72] - 1262.4547999999977
[36, 72] - 1262.5681999999993
[60, 72, 52] - 981.0989100000028
[29, 60, 72] - 983.3670760000014
[58, 60, 72] - 983.8494639999997
[60, 72, 40] - 989.4986790000008
[29, 72, 52] - 988.0239120000014
[58, 72, 52] - 986.0188400000023
[72, 40, 52] - 994.230742000001
[58, 29, 72] - 989.7520550000003
[29, 72, 40] - 995.4752769999988
[58, 72, 40] - 996.7006299999994
[17, 74] - 1051.3056999999997
[74, 31] - 988.5316999999984
[46, 74] - 1085.1404000000007
[44, 74] - 1141.413899999999
[74, 64] - 1042.9955999999997
[74, 42] - 1091.4459999999985
[3, 74] - 1158.5981000000002
[25, 74] - 1229.5123000000024
[9, 74] - 1239.1367999999995
[5, 74] - 1265.1944000000028
[48, 74] - 1262.3280999999993
[56, 62, 74] - 967.2596090000011
[56, 7, 74] - 959.9030859999982
[56, 60, 74] - 967.7052709999977
[56, 52, 74] - 986.7520549999989
[56, 29, 74] - 988.4338669999997
[56, 58, 74] - 988.8702370000026
[56, 40, 74] - 989.1529759999996
[34, 29, 74] - 963.4426550000003
[34, 58, 74] - 959.9650670000023
[34, 40, 74] - 962.4776500000007
[66, 74] - 1263.2928999999997
[60, 62, 74] - 971.9558280000001
[62, 52, 74] - 987.5565479999993
[29, 62, 74] - 993.0773879999987
[58, 62, 74] - 995.7356800000001
[40, 62, 74] - 998.7228079999993
[7, 60, 74] - 962.130614
[7, 52, 74] - 977.6429410000014
[29, 7, 74] - 982.7154289999995
[58, 7, 74] - 982.2884460000012
[7, 40, 74] - 981.8330909999997
[36, 60, 74] - 959.1567600000009
[36, 52, 74] - 973.3304700000003
[36, 29, 74] - 976.2666799999996
[58, 36, 74] - 981.8516499999995
[36, 40, 74] - 978.7535619999998
[60, 52, 74] - 993.4066489999998
[29, 60, 74] - 995.1089790000024
[58, 60, 74] - 996.9592629999995
[60, 40, 74] - 997.4022220000022
[29, 74, 52] - 1010.3430489999993
[58, 74, 52] - 1012.3236330000028
[40, 74, 52] - 1013.3220240000009
[58, 29, 74] - 1017.0322479999996
[29, 40, 74] - 1016.7502520000016
[58, 40, 74] - 1020.0928919999999
[17, 31] - 1115.4306999999974
[46, 17] - 1112.0027000000011
[44, 17] - 1083.5266999999974
[17, 64] - 1113.2250999999978
[17, 42] - 1195.176699999997
[3, 17] - 1272.9546999999973
[25, 17] - 1235.8699999999997
[17, 29, 9] - 961.5026300000001
[58, 17, 9] - 960.2593029999983
[17, 9, 40] - 961.8061870000004
[5, 17, 40] - 959.3401619999993
[36, 48, 17] - 972.2690819999997
[48, 17, 60] - 970.9547520000013
[48, 17, 52] - 977.4130539999978
[48, 17, 29] - 980.4525849999999
[58, 48, 17] - 982.7355380000001
[48, 17, 40] - 983.8445220000029
[56, 17, 7] - 964.7774530000002
[56, 17, 60] - 974.4821840000021
[56, 17, 52] - 989.616635
[56, 17, 29] - 992.6562140000011
[56, 58, 17] - 993.808268999999
[56, 17, 40] - 993.0394889999997
[34, 17, 7] - 964.1085390000004
[34, 17, 60] - 972.8643299999967
[34, 17, 52] - 985.9779029999982
[34, 17, 29] - 993.6309790000005
[34, 58, 17] - 991.9475089999993
[34, 17, 40] - 995.6320309999986
[66, 17, 7] - 961.8680380000019
[66, 17, 60] - 986.4689299999985
[66, 17, 52] - 983.8133309999974
[66, 17, 29] - 990.9952809999986
[66, 58, 17] - 991.7833799999995
[66, 17, 40] - 992.6471990000005
[17, 7, 62] - 962.2797389999993
[17, 60, 62] - 976.2874620000005
[17, 62, 52] - 987.7585800000007
[17, 29, 62] - 997.3984790000003
[58, 17, 62] - 998.3741799999996
[17, 40, 62] - 1001.6434810000009
[36, 17, 7] - 980.2643619999991
[17, 7, 60] - 1000.3817180000009
[17, 7, 52] - 1013.5888660000008
[17, 29, 7] - 1018.9557669999988
[58, 17, 7] - 1018.8849719999994
[17, 7, 40] - 1021.8041970000013
[36, 17, 60] - 992.2687610000013
[36, 17, 52] - 1003.9543940000026
[36, 17, 29] - 1009.0471160000016
[58, 36, 17] - 1013.651240000001
[36, 17, 40] - 1012.9640049999999
[17, 60, 52] - 1025.1625350000008
[17, 29, 60] - 1028.8938629999982
[58, 17, 60] - 1030.2761520000008
[17, 60, 40] - 1032.3837119999987
[17, 29, 52] - 1042.907939
[58, 17, 52] - 1043.1509330000006
[17, 40, 52] - 1045.453601000001
[58, 17, 29] - 1049.6367310000007
[17, 29, 40] - 1051.9553929999972
[58, 17, 40] - 1054.165668
[46, 31] - 1129.6217999999985
[44, 31] - 1162.981400000002
[64, 31] - 1240.4675999999968
[40, 31, 42] - 960.5833429999993
[3, 7, 31] - 970.9892389999977
[36, 3, 31] - 959.8894830000019
[3, 60, 31] - 982.7038140000008
[3, 52, 31] - 987.4973729999988
[3, 29, 31] - 995.0094859999997
[58, 3, 31] - 990.5399730000008
[3, 40, 31] - 997.1590939999987
[25, 31] - 1260.7936999999984
[9, 31] - 1269.0263000000023
[66, 5, 31] - 959.7955999999988
[5, 7, 31] - 967.9677669999994
[36, 5, 31] - 961.5363460000005
[5, 60, 31] - 983.0824030000005
[5, 52, 31] - 990.0784619999984
[5, 29, 31] - 995.3717579999999
[58, 5, 31] - 993.2243749999994
[5, 40, 31] - 1000.6176889999996
[66, 48, 31] - 962.7888869999988
[48, 7, 31] - 961.2139529999976
[36, 48, 31] - 985.2978909999994
[48, 60, 31] - 988.0763419999978
[48, 52, 31] - 987.270302
[48, 29, 31] - 989.3775429999977
[58, 48, 31] - 992.2213239999988
[48, 40, 31] - 999.3275640000012
[56, 62, 31] - 964.419196999997
[56, 7, 31] - 968.0900870000004
[56, 36, 31] - 961.9390560000003
[56, 60, 31] - 986.5274159999972
[56, 52, 31] - 993.9639579999989
[56, 29, 31] - 994.8268610000011
[56, 58, 31] - 996.6903929999992
[56, 40, 31] - 1000.8918099999993
[66, 34, 31] - 961.752208000001
[34, 62, 31] - 958.8742459999992
[34, 7, 31] - 975.0093510000005
[34, 36, 31] - 969.3195039999973
[34, 60, 31] - 991.0519130000007
[34, 52, 31] - 997.0487220000003
[34, 29, 31] - 1003.478711
[34, 58, 31] - 999.8479590000015
[34, 40, 31] - 1009.205481999999
[66, 62, 31] - 972.3471900000021
[66, 7, 31] - 989.8153229999999
[66, 36, 31] - 986.3256670000029
[66, 60, 31] - 1015.6520810000022
[66, 52, 31] - 1014.4846809999996
[66, 29, 31] - 1019.3675880000009
[66, 58, 31] - 1020.1656340000001
[66, 40, 31] - 1027.1917149999977
[7, 62, 31] - 983.4414109999993
[36, 62, 31] - 980.5753409999986
[60, 62, 31] - 1004.3275569999987
[62, 52, 31] - 1008.434842
[29, 62, 31] - 1016.1955999999972
[58, 62, 31] - 1014.6585499999985
[40, 62, 31] - 1023.4625830000009
[36, 7, 31] - 998.41235
[7, 60, 31] - 1020.5755739999997
[7, 52, 31] - 1027.2739140000006
[29, 7, 31] - 1030.143363000001
[58, 7, 31] - 1030.327792999999
[7, 40, 31] - 1038.4705199999999
[36, 60, 31] - 1019.1389479999988
[36, 52, 31] - 1021.4100730000007
[36, 29, 31] - 1025.8831239999997
[58, 36, 31] - 1029.6701459999995
[36, 40, 31] - 1035.2237279999972
[60, 52, 31] - 1047.421638999999
[29, 60, 31] - 1049.4974010000021
[58, 60, 31] - 1050.4625069999984
[60, 40, 31] - 1058.2016330000004
[29, 52, 31] - 1055.4925399999977
[58, 52, 31] - 1054.527320999999
[40, 52, 31] - 1064.5742069999994
[58, 29, 31] - 1059.507760000002
[29, 40, 31] - 1067.8724929999996
[58, 40, 31] - 1069.3337470000006
[44, 46] - 1184.4329999999984
[46, 64] - 1196.4435000000021
[46, 42] - 1249.1124999999975
[46, 3] - 1257.6631999999997
[46, 25, 52] - 970.6470329999995
[46, 25, 29] - 969.810638999999
[46, 58, 25] - 970.7584790000001
[46, 25, 40] - 973.037144000001
[46, 9] - 1270.742800000001
[34, 46, 5] - 964.0948699999987
[46, 5, 60] - 974.5805549999992
[46, 5, 52] - 994.6022609999998
[46, 5, 29] - 994.4454519999995
[46, 58, 5] - 993.1470889999997
[46, 5, 40] - 1000.3443330000005
[66, 46, 48] - 964.3949290000008
[46, 48, 62] - 961.8582209999988
[46, 36, 48] - 992.834625999999
[46, 48, 60] - 991.1318269999997
[46, 48, 52] - 1004.3269160000001
[46, 48, 29] - 1000.8326910000011
[46, 58, 48] - 1003.5888039999994
[46, 48, 40] - 1007.6041790000012
[34, 56, 46] - 962.0997560000015
[56, 46, 62] - 980.5245889999998
[56, 46, 7] - 972.9019380000017
[56, 46, 36] - 974.1457420000006
[56, 46, 60] - 990.2247439999993
[56, 46, 52] - 1014.5280889999993
[56, 46, 29] - 1008.9260500000019
[56, 46, 58] - 1011.3303640000001
[56, 46, 40] - 1014.4413279999997
[66, 34, 46] - 966.0939450000002
[34, 46, 62] - 976.0440779999989
[34, 46, 7] - 974.4555199999995
[34, 46, 36] - 976.4013910000008
[34, 46, 60] - 994.0928409999975
[34, 46, 52] - 1014.8928069999988
[34, 46, 29] - 1014.8815980000003
[34, 46, 58] - 1013.0433469999973
[34, 46, 40] - 1020.3743659999994
[66, 46, 62] - 979.1405869999983
[66, 46, 7] - 973.9636880000002
[66, 46, 36] - 979.2876850000016
[66, 46, 60] - 1009.0869810000029
[66, 46, 52] - 1017.125723
[66, 46, 29] - 1015.2940339999996
[66, 46, 58] - 1017.2957159999984
[66, 46, 40] - 1022.0321560000027
[46, 7, 62] - 985.4535899999983
[46, 36, 62] - 993.159601000001
[46, 60, 62] - 1011.0608330000006
[46, 62, 52] - 1030.2235859999994
[46, 29, 62] - 1029.884080999999
[46, 58, 62] - 1032.2552839999985
[46, 40, 62] - 1041.4507220000003
[46, 36, 7] - 987.6325310000003
[46, 7, 60] - 1004.1161799999994
[46, 7, 52] - 1025.561150000002
[46, 29, 7] - 1024.5456950000007
[46, 58, 7] - 1023.92496
[46, 7, 40] - 1029.9104909999999
[46, 36, 60] - 1011.2738399999984
[46, 36, 52] - 1029.7484990000014
[46, 36, 29] - 1028.5571300000006
[46, 58, 36] - 1034.0466650000026
[46, 36, 40] - 1037.3740219999988
[46, 60, 52] - 1048.8264519999989
[46, 29, 60] - 1046.1626300000005
[46, 58, 60] - 1048.5220579999984
[46, 60, 40] - 1053.542212000001
[46, 29, 52] - 1066.0495940000008
[46, 58, 52] - 1068.3218169999989
[46, 40, 52] - 1074.2070039999978
[46, 58, 29] - 1066.176916999999
[46, 29, 40] - 1071.4780060000012
[46, 58, 40] - 1076.0886250000005
[44, 64] - 1244.8832999999995
[44, 42] - 1266.4354999999998
[44, 3, 29] - 961.213770000002
[44, 25, 62] - 968.5913179999984
[44, 36, 25] - 968.9402730000007
[44, 25, 60] - 982.965722000002
[44, 25, 52] - 993.723277999999
[44, 25, 29] - 996.170696000001
[44, 58, 25] - 998.5440090000005
[44, 25, 40] - 993.7519130000006
[44, 9, 62] - 959.5394859999998
[44, 9, 60] - 972.4038540000021
[44, 9, 52] - 985.3346950000011
[44, 29, 9] - 992.1960890000003
[44, 58, 9] - 993.1657489999999
[44, 9, 40] - 989.0718689999986
[44, 56, 5] - 970.9857779999991
[44, 34, 5] - 994.8645600000012
[66, 44, 5] - 979.6381219999992
[44, 5, 62] - 1002.3534790000004
[44, 5, 7] - 994.9245689999998
[44, 36, 5] - 992.0546899999977
[44, 5, 60] - 1009.5803490000009
[44, 5, 52] - 1026.4708039999975
[44, 5, 29] - 1033.34059
[44, 58, 5] - 1032.4499649999993
[44, 5, 40] - 1031.7329629999997
[44, 56, 48] - 961.5091539999979
[44, 34, 48] - 963.9299359999985
[66, 44, 48] - 973.1226329999984
[44, 48, 62] - 986.7902790000012
[44, 48, 7] - 981.248066999998
[44, 36, 48] - 1009.5607589999997
[44, 48, 60] - 1008.8888750000004
[44, 48, 52] - 1019.4181029999996
[44, 48, 29] - 1020.9965790000007
[44, 58, 48] - 1024.7620100000026
[44, 48, 40] - 1020.4306750000017
[44, 34, 56] - 985.9186009999984
[66, 44, 56] - 975.2782619999996
[44, 56, 62] - 1014.0630829999991
[44, 56, 7] - 1001.5471399999992
[44, 56, 36] - 997.0645740000006
[44, 56, 60] - 1017.7369640000013
[44, 56, 52] - 1037.2562950000001
[44, 56, 29] - 1038.3853869999991
[44, 56, 58] - 1043.2935789999972
[44, 56, 40] - 1037.3560249999964
[66, 44, 34] - 978.9509319999999
[44, 34, 62] - 1005.960908
[44, 34, 7] - 1000.6255409999995
[44, 34, 36] - 997.6483329999998
[44, 34, 60] - 1017.3879040000012
[44, 34, 52] - 1034.2712599999995
[44, 34, 29] - 1041.011687
[44, 34, 58] - 1039.3946550000012
[44, 34, 40] - 1038.1796790000008
[44, 66, 62] - 1004.682735999998
[44, 66, 7] - 996.4965279999998
[44, 66, 36] - 995.3281899999986
[44, 66, 60] - 1029.7106260000005
[44, 66, 52] - 1031.8090349999982
[44, 66, 29] - 1037.0428289999995
[44, 66, 58] - 1038.4468480000007
[44, 66, 40] - 1034.2231409999983
[44, 7, 62] - 1023.2109749999967
[44, 36, 62] - 1024.2622870000002
[44, 60, 62] - 1044.564491999998
[44, 62, 52] - 1060.0557029999966
[44, 29, 62] - 1065.4436409999998
[44, 58, 62] - 1069.7694440000018
[44, 40, 62] - 1071.2587919999992
[44, 36, 7] - 1016.2137979999992
[44, 7, 60] - 1035.1598610000037
[44, 7, 52] - 1052.8687889999994
[44, 29, 7] - 1057.7866449999997
[44, 58, 7] - 1058.9328369999978
[44, 7, 40] - 1054.5736759999988
[44, 36, 60] - 1036.3486760000012
[44, 36, 52] - 1050.9320609999993
[44, 36, 29] - 1055.5414929999997
[44, 58, 36] - 1061.8542950000005
[44, 36, 40] - 1056.4978399999975
[44, 60, 52] - 1072.3779169999998
[44, 29, 60] - 1075.5984369999992
[44, 58, 60] - 1078.9491529999987
[44, 60, 40] - 1075.1146799999995
[44, 29, 52] - 1093.3752019999986
[44, 58, 52] - 1094.1952660000027
[44, 40, 52] - 1092.2185450000018
[44, 58, 29] - 1100.3624099999972
[44, 29, 40] - 1096.9106380000017
[44, 58, 40] - 1101.0606110000008
[5, 64, 42] - 990.3162089999987
[48, 64, 42] - 985.7998319999973
[56, 64, 42] - 991.383888999998
[34, 64, 42] - 1004.801205000001
[66, 64, 42] - 1012.3522929999992
[62, 64, 42] - 1005.7001939999998
[7, 64, 42] - 1010.6954239999993
[36, 64, 42] - 1012.026084000001
[60, 64, 42] - 1031.666292
[52, 64, 42] - 1044.9755760000023
[29, 64, 42] - 1047.5670939999966
[58, 64, 42] - 1049.0578140000002
[40, 64, 42] - 1059.708392999999
[3, 7, 64] - 969.9763369999986
[36, 3, 64] - 961.7215369999993
[3, 60, 64] - 978.9171550000005
[3, 52, 64] - 991.7549420000015
[3, 29, 64] - 998.0556769999993
[58, 3, 64] - 993.9236900000025
[3, 40, 64] - 1004.0651100000003
[36, 25, 64] - 962.2710080000016
[25, 60, 64] - 976.0768849999996
[25, 52, 64] - 987.0630719999986
[25, 29, 64] - 986.5319869999993
[58, 25, 64] - 987.5511030000007
[25, 40, 64] - 997.3222700000018
[34, 9, 64] - 963.2187690000001
[9, 62, 64] - 962.8518240000016
[36, 9, 64] - 965.861678
[9, 60, 64] - 982.7180420000009
[9, 52, 64] - 996.941311
[29, 9, 64] - 1000.504276
[58, 9, 64] - 1001.6799830000006
[9, 40, 64] - 1009.5452009999987
[48, 5, 64] - 978.8510170000001
[56, 5, 64] - 987.9918579999973
[34, 5, 64] - 1019.1065690000006
[66, 5, 64] - 998.0517150000011
[5, 62, 64] - 1011.6716499999999
[5, 7, 64] - 1010.5507639999994
[36, 5, 64] - 1012.6297169999976
[5, 60, 64] - 1027.3408079999979
[5, 52, 64] - 1044.8610480000004
[5, 29, 64] - 1046.0815049999985
[58, 5, 64] - 1047.6258450000014
[5, 40, 64] - 1057.554392999998
[56, 48, 64] - 981.3462520000007
[34, 48, 64] - 995.2551800000006
[66, 48, 64] - 998.5330160000008
[48, 62, 64] - 998.9974870000001
[48, 7, 64] - 1000.1958339999998
[36, 48, 64] - 1031.6209909999989
[48, 60, 64] - 1029.659986999998
[48, 52, 64] - 1040.5858650000007
[48, 29, 64] - 1038.5620179999996
[58, 48, 64] - 1042.209514999998
[48, 40, 64] - 1054.8041459999986
[34, 56, 64] - 1004.5425360000003
[66, 56, 64] - 995.2795719999998
[56, 62, 64] - 1019.5599199999996
[56, 7, 64] - 1011.1988140000013
[56, 36, 64] - 1013.0177559999973
[56, 60, 64] - 1030.3127530000022
[56, 52, 64] - 1046.7301009999999
[56, 29, 64] - 1046.9828669999995
[56, 58, 64] - 1050.5402449999979
[56, 40, 64] - 1059.688244999998
[66, 34, 64] - 1008.2253039999991
[34, 62, 64] - 1021.9997990000004
[34, 7, 64] - 1022.1343430000006
[34, 36, 64] - 1025.7920319999996
[34, 60, 64] - 1041.6733939999988
[34, 52, 64] - 1059.2690190000012
[34, 29, 64] - 1061.7978829999993
[34, 58, 64] - 1061.8746470000033
[34, 40, 64] - 1073.2290559999985
[66, 62, 64] - 1013.5358939999988
[66, 7, 64] - 1014.3843480000018
[66, 36, 64] - 1016.772827000001
[66, 60, 64] - 1051.0766870000014
[66, 52, 64] - 1051.0314800000008
[66, 29, 64] - 1051.6713029999994
[66, 58, 64] - 1054.7273150000015
[66, 40, 64] - 1064.6584579999985
[7, 62, 64] - 1024.2746790000012
[36, 62, 64] - 1030.2282339999992
[60, 62, 64] - 1048.2547390000009
[62, 52, 64] - 1064.22792
[29, 62, 64] - 1066.112270000002
[58, 62, 64] - 1068.2021649999992
[40, 62, 64] - 1081.3208139999979
[36, 7, 64] - 1031.348528000001
[7, 60, 64] - 1046.8285549999987
[7, 52, 64] - 1064.9227400000022
[29, 7, 64] - 1065.286695
[58, 7, 64] - 1066.9738839999989
[7, 40, 64] - 1078.1106879999993
[36, 60, 64] - 1053.5125019999996
[36, 52, 64] - 1067.6598590000012
[36, 29, 64] - 1068.3049739999988
[58, 36, 64] - 1074.0570599999985
[36, 40, 64] - 1084.7261549999978
[60, 52, 64] - 1085.9422600000005
[29, 60, 64] - 1085.428145999999
[58, 60, 64] - 1087.8127530000008
[60, 40, 64] - 1099.3120829999987
[29, 52, 64] - 1102.037950000002
[58, 52, 64] - 1104.2642599999992
[40, 52, 64] - 1117.7752780000017
[58, 29, 64] - 1104.7731439999995
[29, 40, 64] - 1116.7511179999997
[58, 40, 64] - 1122.133646
[3, 5, 42] - 968.0516580000003
[3, 48, 42] - 959.7212790000015
[56, 3, 42] - 972.820970000002
[34, 3, 42] - 972.9927279999991
[66, 3, 42] - 989.5805050000007
[3, 62, 42] - 978.9703640000005
[3, 7, 42] - 995.0159080000011
[36, 3, 42] - 983.2554859999995
[3, 60, 42] - 1009.1655609999989
[3, 52, 42] - 1016.3468450000003
[3, 29, 42] - 1027.170795000002
[58, 3, 42] - 1019.4783260000022
[3, 40, 42] - 1022.583194999998
[25, 5, 42] - 968.3880220000025
[25, 48, 42] - 978.0053329999995
[56, 25, 42] - 965.3929270000009
[34, 25, 42] - 974.5232949999988
[66, 25, 42] - 991.5157540000027
[25, 62, 42] - 984.6106240000009
[25, 7, 42] - 985.1742970000026
[36, 25, 42] - 995.9249350000017
[25, 60, 42] - 1015.1283820000014
[25, 52, 42] - 1022.0445189999978
[25, 29, 42] - 1028.5077769999984
[58, 25, 42] - 1026.2326150000004
[25, 40, 42] - 1026.1595410000011
[5, 9, 42] - 979.7719770000009
[48, 9, 42] - 969.7052130000013
[56, 9, 42] - 994.9598430000011
[34, 9, 42] - 992.7887420000011
[66, 9, 42] - 992.122671000001
[9, 62, 42] - 991.8983370000017
[7, 9, 42] - 991.5700830000009
[36, 9, 42] - 993.6778390000007
[9, 60, 42] - 1018.2524520000003
[9, 52, 42] - 1029.057103000002
[29, 9, 42] - 1038.019216999999
[58, 9, 42] - 1036.6351299999997
[9, 40, 42] - 1037.2232299999982
[48, 5, 42] - 1013.1761339999987
[56, 5, 42] - 1021.3992220000009
[34, 5, 42] - 1051.1307760000002
[66, 5, 42] - 1045.103065000001
[5, 62, 42] - 1041.439120999998
[5, 7, 42] - 1044.5813419999993
[36, 5, 42] - 1042.9426769999986
[5, 60, 42] - 1065.2138360000013
[5, 52, 42] - 1077.7050210000002
[5, 29, 42] - 1086.0775709999991
[58, 5, 42] - 1083.7412130000016
[5, 40, 42] - 1086.9952650000014
[56, 48, 42] - 1016.3272409999984
[34, 48, 42] - 1028.024729999998
[66, 48, 42] - 1045.4646299999986
[48, 62, 42] - 1029.3301490000001
[48, 7, 42] - 1037.465900000002
[36, 48, 42] - 1066.469005999999
[48, 60, 42] - 1066.91948
[48, 52, 42] - 1075.486547999998
[48, 29, 42] - 1080.975322
[58, 48, 42] - 1081.6248569999982
[48, 40, 42] - 1083.710368999998
[34, 56, 42] - 1039.4462360000011
[66, 56, 42] - 1042.045679
[56, 62, 42] - 1047.934755999998
[56, 7, 42] - 1047.0044310000005
[56, 36, 42] - 1044.3405690000002
[56, 60, 42] - 1067.949348000001
[56, 52, 42] - 1079.9029460000017
[56, 29, 42] - 1087.8429069999997
[56, 58, 42] - 1086.4870120000012
[56, 40, 42] - 1087.9021749999988
[66, 34, 42] - 1052.7651669999989
[34, 62, 42] - 1049.1123179999995
[34, 7, 42] - 1056.1588649999985
[34, 36, 42] - 1054.624691
[34, 60, 42] - 1077.029393000001
[34, 52, 42] - 1089.6719989999997
[34, 29, 42] - 1099.4337299999993
[34, 58, 42] - 1095.1613419999999
[34, 40, 42] - 1100.283217000001
[66, 62, 42] - 1057.0899800000022
[66, 7, 42] - 1063.8786129999996
[66, 36, 42] - 1062.322637
[66, 60, 42] - 1094.977794000002
[66, 52, 42] - 1098.3243710000006
[66, 29, 42] - 1105.5861829999992
[66, 58, 42] - 1104.899026000001
[66, 40, 42] - 1108.0808429999995
[7, 62, 42] - 1055.094007000001
[36, 62, 42] - 1057.9939829999998
[60, 62, 42] - 1082.5342160000002
[62, 52, 42] - 1093.7127899999996
[29, 62, 42] - 1104.5335109999992
[58, 62, 42] - 1101.6338480000004
[40, 62, 42] - 1107.7377960000008
[36, 7, 42] - 1063.8807100000038
[7, 60, 42] - 1086.9416870000025
[7, 52, 42] - 1100.114523000002
[29, 7, 42] - 1107.7198059999992
[58, 7, 42] - 1104.199172
[7, 40, 42] - 1109.1772889999947
[36, 60, 42] - 1088.8092909999987
[36, 52, 42] - 1099.0141850000011
[36, 29, 42] - 1107.5930090000006
[58, 36, 42] - 1109.0593019999978
[36, 40, 42] - 1110.3815649999985
[60, 52, 42] - 1123.6329580000015
[29, 60, 42] - 1131.6868430000006
[58, 60, 42] - 1129.8198349999982
[60, 40, 42] - 1132.7064060000037
[29, 52, 42] - 1144.4536209999997
[58, 52, 42] - 1140.860555000002
[40, 52, 42] - 1147.0722579999992
[58, 29, 42] - 1149.644494
[29, 40, 42] - 1153.6942579999966
[58, 40, 42] - 1153.1340679999994
[3, 25, 5] - 983.5285890000004
[3, 25, 48] - 1015.1594260000011
[56, 3, 25] - 1008.841372999999
[34, 3, 25] - 999.4504609999979
[66, 3, 25] - 1012.3416299999988
[3, 25, 62] - 1019.9756869999977
[3, 25, 7] - 1036.0095309999995
[36, 3, 25] - 1034.4850849999991
[3, 25, 60] - 1047.2406529999996
[3, 25, 52] - 1057.6999769999989
[3, 25, 29] - 1066.9960400000011
[58, 3, 25] - 1060.4579940000006
[3, 25, 40] - 1058.4740330000002
[3, 5, 9] - 1010.597255000001
[3, 48, 9] - 1010.1790869999999
[56, 3, 9] - 1045.321696999997
[34, 3, 9] - 1032.3978560000014
[66, 3, 9] - 1029.9844879999998
[3, 9, 62] - 1042.0075069999994
[3, 7, 9] - 1057.2033539999989
[36, 3, 9] - 1043.8007470000007
[3, 9, 60] - 1068.168310000001
[3, 9, 52] - 1078.4628389999991
[3, 29, 9] - 1089.1991850000002
[58, 3, 9] - 1083.963469
[3, 9, 40] - 1082.3364689999992
[3, 48, 5] - 1033.3325710000004
[56, 3, 5] - 1055.2292650000027
[34, 3, 5] - 1075.8198849999972
[66, 3, 5] - 1061.1582230000004
[3, 5, 62] - 1068.9189859999994
[3, 5, 7] - 1085.3278930000004
[36, 3, 5] - 1068.5566410000013
[3, 5, 60] - 1090.592329999999
[3, 5, 52] - 1103.8416480000005
[3, 5, 29] - 1114.4423010000035
[58, 3, 5] - 1107.5104530000033
[3, 5, 40] - 1109.562578
[56, 3, 48] - 1060.9685939999995
[34, 3, 48] - 1056.0987540000035
[66, 3, 48] - 1074.653126
[3, 48, 62] - 1068.3360029999983
[3, 48, 7] - 1092.3927329999997
[36, 3, 48] - 1107.0334710000018
[3, 48, 60] - 1106.3287619999992
[3, 48, 52] - 1115.8146690000017
[3, 48, 29] - 1123.8308429999997
[58, 3, 48] - 1119.6477210000025
[3, 48, 40] - 1119.165529999999
[34, 56, 3] - 1081.9924679999992
[66, 56, 3] - 1079.6257969999979
[56, 3, 62] - 1102.5705450000019
[56, 3, 7] - 1109.220640999999
[56, 36, 3] - 1094.2809500000005
[56, 3, 60] - 1119.2256860000007
[56, 3, 52] - 1134.697535
[56, 3, 29] - 1143.5983629999982
[56, 58, 3] - 1137.166770000001
[56, 3, 40] - 1136.0185199999976
[66, 34, 3] - 1075.9333519999973
[34, 3, 62] - 1084.6565460000024
[34, 3, 7] - 1103.4041149999994
[34, 36, 3] - 1088.487448
[34, 3, 60] - 1110.7502890000019
[34, 3, 52] - 1125.8461520000014
[34, 3, 29] - 1133.967574
[34, 58, 3] - 1127.6401249999988
[34, 3, 40] - 1130.3995310000005
[66, 3, 62] - 1088.7236740000023
[66, 3, 7] - 1109.299615
[66, 36, 3] - 1094.2785460000002
[66, 3, 60] - 1129.3223680000003
[66, 3, 52] - 1131.4456089999985
[66, 3, 29] - 1140.0055369999993
[66, 58, 3] - 1135.8585590000005
[66, 3, 40] - 1136.3975749999963
[3, 7, 62] - 1117.7955460000003
[36, 3, 62] - 1103.3969920000022
[3, 60, 62] - 1127.055357
[3, 62, 52] - 1138.7985129999993
[3, 29, 62] - 1152.3320470000021
[58, 3, 62] - 1145.3071119999997
[3, 40, 62] - 1149.2986119999987
[36, 3, 7] - 1126.2748180000003
[3, 7, 60] - 1146.8150620000015
[3, 7, 52] - 1162.890873999998
[3, 29, 7] - 1169.580574999998
[58, 3, 7] - 1165.4664510000018
[3, 7, 40] - 1167.3963130000027
[3, 36, 60] - 1134.5959269999996
[3, 36, 52] - 1146.1831660000023
[3, 36, 29] - 1157.3446730000003
[58, 3, 36] - 1153.6531849999994
[3, 36, 40] - 1151.815120999995
[3, 60, 52] - 1170.0403600000009
[3, 29, 60] - 1179.6044179999978
[58, 3, 60] - 1173.9054450000006
[3, 60, 40] - 1175.205781000001
[3, 29, 52] - 1194.4756660000016
[58, 3, 52] - 1186.3184629999985
[3, 40, 52] - 1188.8736220000017
[58, 3, 29] - 1198.1227770000019
[3, 29, 40] - 1199.6147759999994
[3, 58, 40] - 1194.1496590000002
[25, 5, 9] - 1002.6117459999999
[25, 48, 9] - 1031.9305880000015
[56, 25, 9] - 1031.5829510000012
[34, 25, 9] - 1022.9892409999997
[66, 25, 9] - 1021.5345259999991
[25, 9, 62] - 1038.2293400000028
[25, 7, 9] - 1031.5392110000003
[36, 25, 9] - 1046.9126960000024
[25, 9, 60] - 1065.0609959999997
[25, 9, 52] - 1073.6812790000038
[25, 29, 9] - 1080.453373000002
[58, 25, 9] - 1078.7748070000007
[25, 9, 40] - 1077.213547
[25, 48, 5] - 1072.3538510000003
[56, 25, 5] - 1050.8754040000017
[34, 25, 5] - 1083.2179889999982
[66, 25, 5] - 1075.8205389999994
[25, 5, 62] - 1081.1819319999993
[25, 5, 7] - 1079.904861999999
[36, 25, 5] - 1091.4718020000003
[25, 5, 60] - 1104.4888129999986
[25, 5, 52] - 1116.025087
[25, 5, 29] - 1122.5514969999995
[58, 25, 5] - 1119.5189299999997
[25, 5, 40] - 1120.4864359999972
[56, 25, 48] - 1089.930928999999
[34, 25, 48] - 1094.1555879999992
[66, 25, 48] - 1110.8538590000014
[25, 48, 62] - 1111.6401559999993
[25, 48, 7] - 1116.2498419999984
[36, 25, 48] - 1151.8117799999982
[25, 48, 60] - 1149.927449
[25, 48, 52] - 1158.7436819999982
[25, 48, 29] - 1160.6754320000002
[58, 25, 48] - 1161.5628810000017
[25, 48, 40] - 1160.1652479999989
[34, 56, 25] - 1079.4674719999996
[66, 56, 25] - 1079.7128680000008
[56, 25, 62] - 1103.958633000001
[56, 25, 7] - 1101.4492209999987
[56, 36, 25] - 1108.402693
[56, 25, 60] - 1124.0055869999999
[56, 25, 52] - 1137.7106839999992
[56, 25, 29] - 1140.048529999999
[56, 58, 25] - 1140.1936429999998
[56, 25, 40] - 1136.5935109999994
[66, 34, 25] - 1089.474389000002
[34, 25, 62] - 1098.5169509999994
[34, 25, 7] - 1101.475903000001
[34, 36, 25] - 1111.2253760000008
[34, 25, 60] - 1127.0855739999984
[34, 25, 52] - 1139.0635100000013
[34, 25, 29] - 1144.5016649999995
[34, 58, 25] - 1140.3689649999994
[34, 25, 40] - 1142.3358330000024
[66, 25, 62] - 1107.5372280000038
[66, 25, 7] - 1108.5901770000019
[66, 36, 25] - 1122.7078940000022
[66, 25, 60] - 1146.4937660000035
[66, 25, 52] - 1149.1256329999997
[66, 25, 29] - 1153.2199560000001
[66, 58, 25] - 1153.261939999998
[66, 25, 40] - 1152.1471569999999
[25, 7, 62] - 1117.2405480000007
[36, 25, 62] - 1131.9943730000018
[25, 60, 62] - 1148.3443440000026
[25, 62, 52] - 1158.2337589999984
[25, 29, 62] - 1164.3269250000008
[58, 25, 62] - 1165.2744510000018
[25, 40, 62] - 1166.713204999997
[36, 25, 7] - 1136.594402000001
[25, 7, 60] - 1149.419942999999
[25, 7, 52] - 1162.934308000002
[25, 29, 7] - 1165.9896790000018
[58, 25, 7] - 1165.0530659999993
[25, 7, 40] - 1164.5280070000001
[25, 36, 60] - 1165.2132239999974
[25, 36, 52] - 1175.3078459999995
[25, 36, 29] - 1178.954820000002
[58, 25, 36] - 1183.283734999998
[25, 36, 40] - 1179.5187270000022
[25, 60, 52] - 1191.5451089999974
[25, 29, 60] - 1193.6934599999956
[58, 25, 60] - 1194.970240999999
[25, 60, 40] - 1193.8223329999985
[25, 29, 52] - 1206.936451
[58, 25, 52] - 1205.166045999999
[25, 40, 52] - 1206.4095840000005
[58, 25, 29] - 1210.2630140000022
[25, 29, 40] - 1210.5795459999981
[25, 58, 40] - 1210.9924430000033
[48, 5, 9] - 1047.8680840000004
[56, 5, 9] - 1081.2759869999966
[34, 5, 9] - 1098.539043999999
[66, 5, 9] - 1073.3972070000016
[5, 9, 62] - 1088.8468810000004
[5, 7, 9] - 1087.018312
[36, 5, 9] - 1084.8668830000017
[5, 9, 60] - 1108.178366000002
[5, 9, 52] - 1122.4166409999996
[5, 29, 9] - 1130.6300379999966
[58, 5, 9] - 1127.8842050000028
[5, 9, 40] - 1130.2380100000005
[56, 48, 9] - 1081.4407760000022
[34, 48, 9] - 1074.9201000000019
[66, 48, 9] - 1081.0322730000016
[48, 9, 62] - 1083.6705139999983
[48, 7, 9] - 1084.688320000002
[36, 48, 9] - 1118.8783870000007
[48, 9, 60] - 1122.398007000003
[48, 9, 52] - 1128.0701649999994
[48, 29, 9] - 1132.5708329999998
[58, 48, 9] - 1133.6623309999995
[48, 9, 40] - 1133.5009209999957
[34, 56, 9] - 1108.3676720000012
[66, 56, 9] - 1095.3482650000005
[56, 9, 62] - 1125.7752520000004
[56, 7, 9] - 1118.8719550000026
[56, 36, 9] - 1116.9889510000016
[56, 9, 60] - 1141.7922389999999
[56, 9, 52] - 1157.9616589999994
[56, 29, 9] - 1164.8700969999982
[56, 58, 9] - 1162.1958399999992
[56, 9, 40] - 1161.6815940000008
[66, 34, 9] - 1090.0977879999998
[34, 9, 62] - 1110.401912
[34, 7, 9] - 1110.1011419999982
[34, 36, 9] - 1109.036918
[34, 9, 60] - 1134.5101570000004
[34, 9, 52] - 1147.6072809999987
[34, 29, 9] - 1156.783136999999
[34, 58, 9] - 1152.7933669999993
[34, 9, 40] - 1156.081054
[66, 9, 62] - 1097.7299420000018
[66, 7, 9] - 1098.653437000002
[66, 36, 9] - 1097.7491900000018
[66, 9, 60] - 1136.2282980000002
[66, 9, 52] - 1137.492439999999
[66, 29, 9] - 1144.0625439999997
[66, 58, 9] - 1144.3576489999987
[66, 9, 40] - 1143.1605270000002
[7, 9, 62] - 1115.4573129999978
[36, 9, 62] - 1118.3738760000006
[9, 60, 62] - 1144.0664729999992
[9, 62, 52] - 1156.8688100000015
[29, 9, 62] - 1166.9932629999987
[58, 9, 62] - 1166.6630110000017
[9, 40, 62] - 1169.9969930000004
[36, 7, 9] - 1118.9923760000036
[7, 9, 60] - 1143.403447999999
[7, 9, 52] - 1157.8263920000018
[29, 7, 9] - 1166.14503
[58, 7, 9] - 1163.1218420000005
[7, 9, 40] - 1164.5283529999972
[36, 9, 60] - 1147.3252560000005
[36, 9, 52] - 1158.1128730000019
[36, 29, 9] - 1165.7228819999966
[58, 36, 9] - 1168.6103000000003
[36, 9, 40] - 1166.4646220000013
[9, 60, 52] - 1184.7980500000015
[29, 9, 60] - 1191.098568999999
[58, 9, 60] - 1191.7534420000006
[9, 60, 40] - 1190.406844999999
[29, 9, 52] - 1206.1570839999988
[58, 9, 52] - 1203.4535569999994
[9, 40, 52] - 1205.584836999999
[58, 29, 9] - 1213.1809260000002
[29, 9, 40] - 1213.2557269999986
[58, 9, 40] - 1213.7885629999994
[56, 48, 5] - 1093.2507840000017
[34, 48, 5] - 1130.0539679999981
[66, 48, 5] - 1124.173283000002
[48, 5, 62] - 1119.8401539999995
[48, 5, 7] - 1124.8524729999988
[36, 48, 5] - 1154.115244
[48, 5, 60] - 1151.6436369999988
[48, 5, 52] - 1161.9711110000007
[48, 5, 29] - 1167.274699999999
[58, 48, 5] - 1166.675211000002
[48, 5, 40] - 1169.328403
[34, 56, 5] - 1144.886098000001
[66, 56, 5] - 1117.9502489999977
[56, 5, 62] - 1142.4080929999982
[56, 5, 7] - 1138.1852450000001
[56, 36, 5] - 1131.1003159999996
[56, 5, 60] - 1152.8500199999999
[56, 5, 52] - 1171.9096269999977
[56, 5, 29] - 1177.2796299999995
[56, 58, 5] - 1174.990503000001
[56, 5, 40] - 1176.5597099999964
[66, 34, 5] - 1151.8613329999969
[34, 5, 62] - 1166.3902020000035
[34, 5, 7] - 1171.8363410000004
[34, 36, 5] - 1167.4878370000026
[34, 5, 60] - 1187.7312880000004
[34, 5, 52] - 1205.6845179999996
[34, 5, 29] - 1213.6325110000032
[34, 58, 5] - 1209.2586090000002
[34, 5, 40] - 1215.8181239999976
[66, 5, 62] - 1147.250421000005
[66, 5, 7] - 1149.9053440000023
[66, 36, 5] - 1146.0399650000006
[66, 5, 60] - 1182.9832579999988
[66, 5, 52] - 1185.0954399999976
[66, 5, 29] - 1192.099578999997
[66, 58, 5] - 1190.0657339999989
[66, 5, 40] - 1192.3493080000023
[5, 7, 62] - 1160.3300769999998
[36, 5, 62] - 1158.7568559999984
[5, 60, 62] - 1180.7443989999992
[5, 62, 52] - 1196.2896360000002
[5, 29, 62] - 1206.4332090000007
[58, 5, 62] - 1203.1025450000022
[5, 40, 62] - 1210.3554669999996
[36, 5, 7] - 1162.491105000001
[5, 7, 60] - 1182.3095999999982
[5, 7, 52] - 1201.2424240000007
[5, 29, 7] - 1207.8819209999986
[58, 5, 7] - 1204.662183000001
[5, 7, 40] - 1209.278167999999
[36, 5, 60] - 1181.261375000002
[36, 5, 52] - 1195.336097000001
[36, 5, 29] - 1204.158451999999
[58, 36, 5] - 1205.340292000001
[36, 5, 40] - 1206.5059380000025
[5, 60, 52] - 1218.4729769999997
[5, 29, 60] - 1225.1193319999952
[58, 5, 60] - 1223.035037999999
[5, 60, 40] - 1226.9452600000047
[5, 29, 52] - 1243.3126880000025
[58, 5, 52] - 1238.7728119999995
[5, 40, 52] - 1244.692164999998
[58, 5, 29] - 1248.3070909999985
[5, 29, 40] - 1253.520007000001
[58, 5, 40] - 1251.4790170000015
[34, 56, 48] - 1126.488168000003
[66, 56, 48] - 1130.630209999999
[56, 48, 62] - 1146.4755669999995
[56, 48, 7] - 1146.4070530000006
[56, 36, 48] - 1173.9682170000005
[56, 48, 60] - 1173.9578889999996
[56, 48, 52] - 1186.524451000001
[56, 48, 29] - 1186.8796670000022
[56, 58, 48] - 1189.4208059999978
[56, 48, 40] - 1188.6357049999986
[66, 34, 48] - 1144.390718000001
[34, 48, 62] - 1141.7348900000006
[34, 48, 7] - 1152.972532999996
[34, 36, 48] - 1180.5432049999981
[34, 48, 60] - 1179.4661160000032
[34, 48, 52] - 1189.8059270000026
[34, 48, 29] - 1195.1739409999975
[34, 58, 48] - 1194.0022069999986
[34, 48, 40] - 1197.1616910000016
[66, 48, 62] - 1154.4231689999988
[66, 48, 7] - 1163.6800460000015
[66, 36, 48] - 1193.7986599999979
[66, 48, 60] - 1202.3109920000009
[66, 48, 52] - 1203.6368419999992
[66, 48, 29] - 1207.6140790000024
[66, 58, 48] - 1210.2558159999978
[66, 48, 40] - 1210.3560029999994
[48, 7, 62] - 1159.4349729999992
[36, 48, 62] - 1193.2921989999982
[48, 60, 62] - 1194.2263819999998
[48, 62, 52] - 1202.2215829999984
[48, 29, 62] - 1208.0319850000012
[58, 48, 62] - 1211.0355680000002
[48, 40, 62] - 1215.116487999999
[36, 48, 7] - 1204.2221530000024
[48, 7, 60] - 1202.7508000000007
[48, 7, 52] - 1214.8954600000004
[48, 29, 7] - 1217.6766460000042
[58, 48, 7] - 1218.363847
[48, 7, 40] - 1219.7298629999998
[36, 48, 60] - 1234.9977710000019
[36, 48, 52] - 1245.2055109999983
[36, 48, 29] - 1247.7066919999993
[58, 36, 48] - 1254.6278330000016
[36, 48, 40] - 1252.7582759999998
[48, 60, 52] - 1245.5745640000007
[48, 29, 60] - 1247.3343910000017
[58, 48, 60] - 1250.1667309999962
[48, 60, 40] - 1251.2567680000004
[48, 29, 52] - 1257.937782
[58, 48, 52] - 1260.0131560000013
[48, 40, 52] - 1261.7363990000022
[58, 48, 29] - 1263.7772439999997
[48, 29, 40] - 1265.296336000003
[58, 48, 40] - 1269.1996239999994
[66, 56, 34] - 1142.1910409999978
[56, 34, 62] - 1170.5062730000016
[56, 34, 7] - 1169.9056670000016
[56, 34, 36] - 1161.6210910000002
[56, 34, 60] - 1184.6026729999992
[56, 34, 52] - 1203.2255450000016
[56, 34, 29] - 1209.8241270000046
[56, 34, 58] - 1206.8856630000018
[56, 34, 40] - 1207.930382000003
[66, 56, 62] - 1160.2834699999985
[66, 56, 7] - 1159.373864999996
[66, 56, 36] - 1151.8234350000027
[66, 56, 60] - 1190.775172
[66, 56, 52] - 1194.8067390000024
[66, 56, 29] - 1198.450873000001
[66, 56, 58] - 1199.023315
[66, 56, 40] - 1198.5899660000002
[56, 7, 62] - 1187.4601750000002
[56, 36, 62] - 1184.351802999999
[56, 60, 62] - 1207.5424110000042
[56, 62, 52] - 1225.3008690000013
[56, 29, 62] - 1229.7728589999992
[56, 58, 62] - 1231.2539379999992
[56, 40, 62] - 1236.6223890000035
[56, 36, 7] - 1182.0837760000013
[56, 7, 60] - 1204.7910450000002
[56, 7, 52] - 1226.4961300000025
[56, 29, 7] - 1227.6396279999979
[56, 58, 7] - 1228.591388999996
[56, 7, 40] - 1228.7265810000013
[56, 36, 60] - 1201.0358920000003
[56, 36, 52] - 1218.8174970000005
[56, 36, 29] - 1221.7814319999977
[56, 58, 36] - 1226.6397739999995
[56, 36, 40] - 1223.253286999998
[56, 60, 52] - 1242.8937199999991
[56, 29, 60] - 1245.008013999996
[56, 58, 60] - 1246.1146900000026
[56, 60, 40] - 1245.9679609999987
[56, 29, 52] - 1265.7533309999972
[56, 58, 52] - 1265.6498759999988
[56, 40, 52] - 1266.3926650000026
[56, 58, 29] - 1269.7133689999964
[56, 29, 40] - 1269.9872459999988
[56, 58, 40] - 1272.2368090000002
[66, 34, 62] - 1160.6426140000005
[66, 34, 7] - 1168.9119000000003
[66, 34, 36] - 1163.540822
[66, 34, 60] - 1200.2911139999974
[66, 34, 52] - 1203.4891609999972
[66, 34, 29] - 1208.8504269999962
[66, 34, 58] - 1207.5693970000025
[66, 34, 40] - 1211.1947639999971
[34, 7, 62] - 1178.918757000001
[34, 36, 62] - 1177.1857229999994
[34, 60, 62] - 1201.3546560000016
[34, 62, 52] - 1216.4077560000003
[34, 29, 62] - 1228.0156489999997
[34, 58, 62] - 1223.7064579999983
[34, 40, 62] - 1231.7531699999997
[34, 36, 7] - 1186.8144530000022
[34, 7, 60] - 1207.7334770000011
[34, 7, 52] - 1227.4065420000004
[34, 29, 7] - 1232.3924399999999
[34, 58, 7] - 1230.1332329999987
[34, 7, 40] - 1234.5587039999978
[34, 36, 60] - 1206.3888129999991
[34, 36, 52] - 1221.0129029999998
[34, 36, 29] - 1229.2588530000014
[34, 58, 36] - 1230.0374590000006
[34, 36, 40] - 1231.1995240000028
[34, 60, 52] - 1244.856036
[34, 29, 60] - 1251.1678150000018
[34, 58, 60] - 1249.2745789999994
[34, 60, 40] - 1252.597702999999
[34, 29, 52] - 1270.2661870000052
[34, 58, 52] - 1265.1555489999978
[34, 40, 52] - 1270.7895479999986
[34, 58, 29] - 1274.463381000001
[34, 29, 40] - 1279.563696000002
[34, 58, 40] - 1277.3150299999995
[66, 7, 62] - 1176.1207200000001
[66, 36, 62] - 1174.2602260000017
[66, 60, 62] - 1213.7403229999989
[66, 62, 52] - 1214.8630180000027
[66, 29, 62] - 1223.2173360000006
[66, 58, 62] - 1223.3956680000008
[66, 40, 62] - 1226.4394200000006
[66, 36, 7] - 1184.4125119999997
[66, 7, 60] - 1221.1002720000029
[66, 7, 52] - 1225.834789000007
[66, 29, 7] - 1229.3726900000042
[66, 58, 7] - 1229.708155
[66, 7, 40] - 1231.2089879999985
[66, 36, 60] - 1221.8979430000009
[66, 36, 52] - 1220.8428130000007
[66, 36, 29] - 1226.155733000002
[66, 58, 36] - 1231.0450340000032
[66, 36, 40] - 1229.7843049999983
[66, 60, 52] - 1260.596981000001
[66, 29, 60] - 1264.4762690000007
[66, 58, 60] - 1266.4887849999986
[66, 60, 40] - 1268.1305229999991
[66, 29, 52] - 1267.6122219999995
[66, 58, 52] - 1267.307555
[66, 40, 52] - 1270.5489209999973
[66, 58, 29] - 1274.1203869999968
[66, 29, 40] - 1275.7967540000043
[66, 58, 40] - 1277.939958999996
[36, 7, 62] - 1196.1985969999998
[7, 60, 62] - 1219.1977800000009
[7, 62, 52] - 1235.9141450000038
[29, 7, 62] - 1244.1985519999985
[58, 7, 62] - 1242.9904189999995
[7, 40, 62] - 1248.7742029999997
[36, 60, 62] - 1222.386853000001
[36, 62, 52] - 1235.629206999998
[36, 29, 62] - 1244.2042720000006
[58, 36, 62] - 1248.9482260000052
[36, 40, 62] - 1251.6973450000023
[60, 62, 52] - 1260.7734869999983
[29, 60, 62] - 1267.7667230000015
[58, 60, 62] - 1269.2543040000007
[60, 40, 62] - 1273.723437
[58, 29, 62, 52] - 960.7631626199997
[29, 40, 62, 52] - 966.4927150099991
[58, 40, 62, 52] - 965.6221630100022
[58, 29, 40, 62] - 975.0908574300024
[36, 7, 60] - 1230.5281870000028
[36, 7, 52] - 1246.5173000000027
[36, 29, 7] - 1251.785984999996
[58, 36, 7] - 1254.7799299999983
[36, 7, 40] - 1254.6204499999992
[7, 60, 52] - 1270.0646560000014
[29, 7, 60] - 1272.9304769999983
[58, 7, 60] - 1273.3230489999994
[7, 60, 40] - 1276.3907659999986
[58, 7, 29, 52] - 966.7502288100006
[7, 29, 40, 52] - 970.9917991999998
[58, 7, 40, 52] - 969.5531202900021
[58, 7, 29, 40] - 975.6094217299996
[36, 60, 52] - 1268.7785380000018
[36, 29, 60] - 1273.840578
[36, 58, 60, 40] - 960.7660879600019
[58, 36, 29, 52] - 965.7290903399991
[36, 29, 40, 52] - 966.7725703299988
[36, 58, 40, 52] - 969.7447836600005
[36, 58, 29, 40] - 975.9554414899997
[58, 29, 60, 52] - 982.64973451
[29, 60, 40, 52] - 985.9116508800001
[58, 60, 40, 52] - 986.4693336600011
[58, 29, 60, 40] - 991.5994429500039
[58, 29, 40, 52] - 1002.9410106000024
