Total itemsets found: 2086
Elapsed time: 3009ms
[21] - 784.9200000000006
[22] - 805.0400000000008
[44] - 834.740000000001
[125] - 857.2100000000006
[94, 53] - 689.4254999999996
[36, 53] - 693.7727999999994
[90, 53] - 697.5183999999995
[110, 102] - 725.5379999999996
[102, 29] - 726.8570000000004
[102, 70] - 729.3798999999996
[66, 102] - 731.9170000000004
[55, 102] - 725.2176999999995
[57, 102] - 728.9662
[2, 102] - 731.7608999999985
[24, 102] - 725.3585999999991
[102, 41] - 723.2547999999995
[102, 38] - 728.6277000000002
[102, 97] - 725.7515999999995
[102, 94] - 732.2725000000002
[36, 102] - 726.0604000000001
[102, 90] - 725.0941999999992
[88, 60] - 772.7486
[79, 60] - 770.3571000000004
[60, 97] - 768.8288000000006
[60, 94] - 766.8702999999998
[36, 60] - 768.1294999999997
[90, 60] - 763.7903999999997
[88, 119] - 770.7029000000014
[79, 119] - 775.2610999999998
[119, 97] - 686.1768999999998
[119, 94] - 772.7680999999999
[36, 119] - 775.5482000000003
[90, 119] - 775.397
[56, 20] - 804.742999999999
[38, 20] - 826.8418
[97, 20] - 808.1379999999996
[94, 20] - 838.898699999999
[36, 20] - 839.8923999999994
[90, 20] - 850.2203000000007
[50, 41] - 771.4913999999992
[50, 97] - 823.6581999999994
[94, 50] - 875.5846999999984
[36, 50] - 882.6211999999994
[90, 50] - 880.1351999999995
[122, 39] - 733.2677000000016
[39, 31] - 794.932299999998
[1, 39] - 836.0715999999987
[88, 39] - 854.6797999999983
[79, 39] - 892.5987000000008
[24, 39] - 847.0005000000007
[39, 41] - 734.1479
[39, 97] - 735.3602999999997
[39, 94] - 891.2456999999991
[36, 39] - 890.2046999999995
[39, 90] - 892.7048000000003
[110, 29] - 887.977899999999
[110, 70] - 726.4951999999995
[66, 110] - 728.8280999999989
[55, 110] - 753.0132999999987
[110, 57] - 885.422999999999
[110, 2] - 893.1761999999995
[110, 24] - 750.1888999999999
[110, 41] - 879.6183
[110, 38, 97] - 682.2433850000017
[110, 38, 94] - 689.248494999999
[110, 36, 38] - 685.1763570000004
[110, 38, 90] - 685.8714460000015
[110, 94, 97] - 685.0357609999993
[110, 36, 97] - 681.5469230000008
[110, 90, 97] - 682.5354199999996
[110, 36, 94] - 687.2044989999983
[110, 90, 94] - 688.1259989999991
[110, 36, 90] - 685.3809310000001
[121, 57] - 864.188599999999
[121, 38, 41] - 692.3235530000001
[121, 41, 97] - 678.1143609999993
[121, 94, 41] - 687.4301719999992
[121, 36, 41] - 691.340811
[121, 90, 41] - 690.3711170000007
[121, 38, 97] - 703.996601999999
[121, 38, 94] - 714.0955020000001
[121, 36, 38] - 721.544544999999
[121, 38, 90] - 718.4998799999998
[121, 94, 97] - 700.080896
[121, 36, 97] - 706.7488699999992
[121, 90, 97] - 702.2599569999996
[121, 36, 94] - 718.076182
[121, 90, 94] - 714.3356549999995
[121, 36, 90] - 722.5434220000016
[45, 114, 63] - 726.9363989999996
[45, 114, 42] - 731.9749569999999
[100, 45, 114] - 719.6867810000007
[45, 2, 114] - 727.5901129999988
[45, 114, 120] - 720.6821580000009
[56, 45, 114] - 730.2897679999998
[45, 24, 114] - 726.3647890000007
[45, 114, 38] - 717.130706
[45, 114, 97] - 731.6792729999995
[45, 114, 94] - 723.8210259999993
[45, 36, 114] - 725.1378459999988
[45, 114, 90] - 724.055984
[45, 63, 42] - 732.9415479999986
[100, 45, 63] - 723.7361879999999
[45, 2, 63] - 729.0203220000005
[45, 63, 120] - 721.9086520000005
[56, 45, 63] - 731.6514579999996
[45, 24, 63] - 727.7237680000021
[45, 38, 63] - 719.4370209999993
[45, 63, 97] - 733.2334099999988
[45, 94, 63] - 726.0841129999992
[45, 36, 63] - 727.015227999999
[45, 90, 63] - 726.2701930000001
[100, 45, 42] - 727.3627979999989
[45, 2, 42] - 733.2218479999993
[45, 42, 120] - 726.9750070000007
[56, 45, 42] - 735.262382999999
[45, 24, 42] - 731.5747310000002
[45, 38, 42] - 723.1923320000002
[45, 97, 42] - 737.935303999999
[45, 94, 42] - 730.9722520000005
[45, 36, 42] - 731.432098
[45, 90, 42] - 730.7240049999995
[45, 100, 2] - 723.0516590000002
[45, 100, 120] - 717.8273290000011
[56, 45, 100] - 727.0754689999995
[45, 100, 24] - 723.4728650000006
[45, 100, 38] - 714.3812960000009
[45, 100, 97] - 727.0996869999998
[45, 100, 94] - 720.4319980000014
[45, 100, 36] - 721.450182
[45, 100, 90] - 721.1034839999991
[45, 2, 120] - 722.617819
[56, 45, 2] - 732.6820519999992
[45, 24, 2] - 729.5879429999989
[45, 2, 38] - 719.7937820000001
[45, 2, 97] - 732.4222599999987
[45, 2, 94] - 725.8212099999992
[45, 2, 36] - 727.9223190000007
[45, 2, 90] - 728.0779280000014
[56, 45, 120] - 725.3120280000009
[45, 24, 120] - 721.9188860000005
[45, 38, 120] - 713.699526000001
[45, 97, 120] - 727.6145250000009
[45, 94, 120] - 721.0618059999996
[45, 36, 120] - 720.0978889999999
[45, 90, 120] - 719.7700699999998
[45, 56, 24] - 730.7747740000007
[45, 56, 38] - 722.1684759999988
[45, 56, 97] - 736.1092699999988
[45, 56, 94] - 728.7434799999993
[45, 56, 36] - 730.704187999999
[45, 56, 90] - 728.9630080000006
[45, 24, 38] - 717.9333999999998
[45, 24, 97] - 732.620886
[45, 24, 94] - 726.6118719999997
[45, 24, 36] - 726.6048950000002
[45, 24, 90] - 726.2792609999989
[45, 38, 97] - 724.5151339999993
[45, 38, 94] - 716.3280060000003
[45, 36, 38] - 718.4045690000007
[45, 38, 90] - 716.7560849999995
[45, 94, 97] - 730.5951910000025
[45, 36, 97] - 731.9076369999998
[45, 90, 97] - 731.1027919999997
[45, 36, 94] - 723.9284370000008
[45, 90, 94] - 724.4079950000007
[45, 36, 90] - 725.234609
[77, 2] - 730.6251999999998
[77, 120] - 764.6471999999993
[77, 56] - 813.5938999999987
[77, 24] - 730.0843999999995
[77, 38, 97] - 787.3498869999988
[77, 38, 94] - 784.2586539999988
[77, 36, 38] - 782.8194360000022
[77, 38, 90] - 783.1128699999988
[77, 94, 97] - 797.7787790000007
[77, 36, 97] - 793.6299550000012
[77, 90, 97] - 796.5514620000001
[77, 36, 94] - 791.8226839999993
[77, 90, 94] - 795.510611000001
[77, 36, 90] - 791.6875509999995
[2, 86] - 731.212699999999
[86, 120] - 766.7163999999998
[56, 86] - 820.2493999999995
[24, 86] - 741.0260999999987
[38, 97, 86] - 791.1698280000011
[38, 94, 86] - 793.627933
[36, 38, 86] - 792.1486770000018
[38, 90, 86] - 792.795073
[94, 86, 97] - 797.4961140000006
[36, 86, 97] - 794.5608969999985
[90, 86, 97] - 796.3129529999977
[36, 94, 86] - 796.2818379999999
[90, 94, 86] - 798.530261
[36, 90, 86] - 797.5677270000008
[23, 107] - 750.3135999999997
[107, 31] - 800.191099999999
[104, 107] - 832.0356999999989
[1, 107, 41] - 725.4837649999994
[1, 107, 97] - 733.894639999999
[1, 107, 94] - 737.765019999999
[1, 36, 107] - 748.4998809999994
[1, 90, 107] - 741.070482
[88, 107] - 798.1018000000007
[79, 107] - 799.4464000000004
[56, 107] - 771.020099999999
[107, 71, 97] - 686.1907240000011
[107, 71, 94] - 685.5601089999988
[36, 107, 71] - 700.3493280000007
[90, 107, 71] - 694.9606370000001
[67, 107, 97] - 729.2782949999995
[67, 107, 94] - 729.880527999999
[67, 36, 107] - 741.9416500000008
[67, 90, 107] - 738.8182829999993
[107, 41, 97] - 727.0257890000001
[107, 94, 41] - 732.0878740000006
[36, 107, 41] - 739.9601600000002
[90, 107, 41] - 732.570683999999
[38, 107] - 804.3876
[107, 94, 97] - 832.8660620000005
[36, 107, 97] - 846.4264139999985
[90, 107, 97] - 839.7894170000002
[36, 107, 94] - 846.7685329999994
[90, 107, 94] - 838.209750000001
[36, 90, 107] - 852.0473960000012
[57, 16] - 789.4778999999996
[16, 31] - 728.9603999999989
[1, 16] - 718.1877999999998
[24, 16] - 795.9686000000002
[16, 41, 97] - 778.9379799999995
[16, 94, 41] - 838.5951969999991
[36, 16, 41] - 838.3077559999992
[16, 90, 41] - 828.8843280000013
[38, 16] - 791.5144999999985
[16, 94, 97] - 824.5858260000009
[36, 16, 97] - 825.4910979999987
[16, 90, 97] - 817.0722780000003
[36, 16, 94] - 882.850593000001
[16, 90, 94] - 875.2504530000003
[36, 16, 90] - 877.3412110000004
[23, 108] - 778.8725999999987
[108, 31] - 833.7396000000007
[67, 104, 108] - 674.204106000001
[67, 1, 108] - 687.4490070000007
[1, 108, 41] - 748.7148890000003
[1, 108, 97] - 797.240746
[1, 108, 94] - 778.3412289999997
[1, 36, 108] - 776.5559500000005
[1, 90, 108] - 793.1664999999999
[88, 108] - 842.5056999999988
[79, 108] - 832.4803000000006
[56, 108] - 802.5129999999981
[67, 108, 71] - 689.9938109999993
[108, 71, 97] - 743.5790140000023
[108, 71, 94] - 722.5010510000005
[36, 108, 71] - 725.5708430000013
[90, 108, 71] - 740.1792650000007
[67, 108, 97] - 781.4080870000014
[67, 108, 94] - 759.7101439999992
[67, 36, 108] - 762.3736350000007
[67, 90, 108] - 780.2413529999997
[108, 41, 97] - 748.4957199999993
[108, 94, 41] - 728.364387
[36, 108, 41] - 726.0088570000006
[90, 108, 41] - 744.1413259999988
[38, 108] - 837.2554999999977
[108, 94, 97] - 869.6409159999994
[36, 108, 97] - 869.4208259999984
[90, 108, 97] - 887.6784719999994
[36, 108, 94] - 868.4102340000007
[90, 108, 94] - 868.2811779999988
[36, 90, 108] - 868.6169169999991
[29, 70] - 892.4576999999985
[66, 29] - 893.4657999999991
[55, 29] - 725.1498999999995
[57, 29] - 890.3175999999994
[24, 2, 29] - 788.1144300000012
[2, 38, 29, 97] - 681.4652561399995
[2, 38, 29, 94] - 686.1397345199998
[2, 36, 38, 29] - 680.7985839899999
[2, 38, 90, 29] - 683.62967217
[2, 29, 94, 97] - 685.7183872100001
[2, 36, 29, 97] - 680.6064670599993
[2, 90, 29, 97] - 684.5288263000007
[2, 36, 29, 94] - 683.4250105999994
[2, 90, 29, 94] - 687.704834659999
[2, 36, 90, 29] - 683.3031497000021
[29, 120] - 764.6928999999997
[24, 38, 29] - 782.4169029999988
[24, 29, 97] - 787.1121740000002
[24, 29, 94] - 787.3933599999991
[24, 36, 29] - 782.9838890000024
[24, 90, 29] - 786.3840799999999
[29, 41] - 883.1559999999986
[38, 29, 94, 97] - 681.4471937400008
[36, 38, 29, 97] - 676.3306501299995
[38, 90, 29, 97] - 678.6020283599985
[36, 38, 29, 94] - 679.5759747500002
[38, 90, 29, 94] - 682.5120976800005
[36, 38, 90, 29] - 678.1316686999993
[36, 29, 94, 97] - 680.8471690899999
[90, 29, 94, 97] - 684.3845169000001
[36, 90, 29, 97] - 680.3274368700002
[36, 90, 29, 94] - 682.5452607999997
[100, 13] - 686.9238999999994
[13, 120] - 779.186299999998
[1, 13] - 717.1384999999984
[79, 13] - 688.5953999999992
[56, 13, 97] - 707.2512700000004
[56, 13, 94] - 709.2131989999992
[56, 13, 36] - 711.7518299999998
[56, 13, 90] - 703.8396469999998
[24, 13] - 811.5186000000012
[13, 71] - 882.6129999999985
[67, 13, 97] - 681.4919159999993
[67, 13, 90] - 701.3752100000016
[13, 41] - 678.2309999999997
[13, 38, 97] - 800.020713999998
[13, 38, 94] - 760.6021890000017
[13, 36, 38] - 759.720641000001
[13, 38, 90] - 835.0547609999992
[13, 94, 97] - 846.0786129999989
[13, 36, 97] - 846.9059470000009
[13, 90, 97] - 917.3820049999999
[13, 36, 94] - 886.3968339999997
[13, 90, 94] - 882.1976930000013
[13, 36, 90] - 878.5067820000012
[66, 2, 70] - 734.1345990000004
[66, 24, 70] - 766.8643610000001
[66, 38, 70] - 733.1682609999989
[66, 70, 97] - 733.0275639999996
[66, 70, 94] - 764.0896290000009
[66, 36, 70] - 763.430261
[66, 90, 70] - 762.7668549999992
[55, 70] - 810.149599999999
[57, 70] - 729.6518000000008
[2, 24, 38, 70] - 684.8408074000002
[2, 24, 70, 97] - 687.9317425399992
[2, 24, 70, 94] - 688.7106306599997
[2, 24, 36, 70] - 687.5579279100006
[2, 24, 90, 70] - 684.1487747699995
[2, 38, 70, 97] - 682.1246332800002
[2, 38, 70, 94] - 683.9665224600004
[2, 36, 38, 70] - 682.99555617
[2, 38, 90, 70] - 678.0448902500012
[2, 70, 94, 97] - 686.4413990699999
[2, 36, 70, 97] - 684.9274672600005
[2, 90, 70, 97] - 681.9140776500004
[2, 36, 70, 94] - 686.1751000999985
[2, 90, 70, 94] - 683.1557880000008
[2, 36, 90, 70] - 681.9168707099992
[70, 120] - 840.2810999999983
[24, 38, 70, 97] - 681.2505859299994
[24, 38, 70, 94] - 683.0039443100005
[24, 36, 38, 70] - 680.9032063999997
[24, 38, 90, 70] - 676.5627457399999
[24, 70, 94, 97] - 686.7559489599996
[24, 36, 70, 97] - 684.1545869800002
[24, 90, 70, 97] - 681.6289662599997
[24, 36, 70, 94] - 731.4333566399997
[24, 90, 70, 94] - 729.9665346799997
[24, 36, 90, 70] - 728.92539751
[70, 41] - 806.7655999999996
[38, 70, 94, 97] - 681.6661548699992
[36, 38, 70, 97] - 679.57887014
[38, 90, 70, 97] - 674.9345256899993
[36, 38, 70, 94] - 681.2326502099996
[38, 90, 70, 94] - 677.200992639998
[36, 38, 90, 70] - 675.2570341700006
[36, 70, 94, 97] - 684.0255432200025
[90, 70, 94, 97] - 681.6593685800009
[36, 90, 70, 97] - 679.0893612800007
[36, 90, 70, 94] - 727.6732110899998
[55, 122] - 697.1664999999989
[122, 31] - 756.9956000000002
[88, 122, 1] - 701.6267670000008
[122, 1, 79] - 698.323174999999
[122, 1, 41] - 691.7117569999998
[122, 1, 94] - 697.5736179999997
[122, 1, 36] - 696.2057329999998
[122, 1, 90] - 694.8894700000001
[88, 122, 79] - 831.7043959999999
[88, 122, 41] - 768.8437589999995
[88, 122, 97] - 690.0458270000013
[88, 122, 94] - 826.7285239999994
[88, 122, 36] - 828.8163300000004
[88, 122, 90] - 826.4301490000007
[122, 79, 41] - 765.7963240000008
[122, 79, 97] - 687.0279219999993
[122, 79, 94] - 828.9916910000006
[122, 79, 36] - 827.3498699999998
[122, 79, 90] - 825.5017239999993
[122, 24, 41] - 729.9539220000007
[122, 24, 94] - 738.9448090000011
[122, 24, 36] - 730.8395670000001
[122, 24, 90] - 733.3801080000009
[67, 122] - 699.1302000000007
[122, 41, 97] - 806.1316810000001
[122, 36, 94, 41] - 706.4339724599998
[122, 90, 94, 41] - 707.3016396500016
[122, 36, 90, 41] - 703.0398872400003
[122, 94, 97] - 875.0971900000005
[122, 36, 97] - 868.2452100000037
[122, 90, 97] - 864.5050350000005
[122, 36, 90, 94] - 751.6010971400013
[55, 66] - 854.8358999999986
[66, 57] - 733.2725999999994
[66, 2, 24, 38] - 717.5124792599997
[66, 2, 24, 97] - 701.4610679999993
[66, 2, 24, 94] - 718.2116972399978
[66, 2, 24, 36] - 708.7579380400011
[66, 2, 24, 90] - 716.2412888800009
[66, 2, 38, 97] - 700.3443974599986
[66, 2, 38, 94] - 717.616253770001
[66, 2, 36, 38] - 708.0272684099996
[66, 2, 38, 90] - 714.4219692300006
[66, 2, 94, 97] - 701.1957386300008
[66, 2, 36, 97] - 699.4366526800002
[66, 2, 90, 97] - 698.2747460699984
[66, 2, 36, 94] - 708.3122276199987
[66, 2, 90, 94] - 715.3571859500003
[66, 2, 36, 90] - 706.19356523
[66, 120] - 872.8116999999976
[66, 24, 38, 97] - 699.9195764499987
[66, 24, 38, 94] - 716.5825636500008
[66, 24, 36, 38] - 706.464728170001
[66, 24, 38, 90] - 714.1813518099998
[66, 24, 94, 97] - 701.6967264000018
[66, 24, 36, 97] - 699.8262110999998
[66, 24, 90, 97] - 699.2679565399999
[66, 24, 36, 94] - 754.5389047699987
[66, 24, 90, 94] - 763.7457978299996
[66, 24, 36, 90] - 754.4291838600004
[66, 41] - 830.9126999999988
[66, 38, 94, 97] - 700.8698440100002
[66, 36, 38, 97] - 698.8082479699999
[66, 38, 90, 97] - 697.6445005800006
[66, 36, 38, 94] - 707.3813092900008
[66, 38, 90, 94] - 714.7137889700012
[66, 36, 38, 90] - 704.9912048499998
[66, 36, 94, 97] - 700.1589472300013
[66, 90, 94, 97] - 699.4332438900007
[66, 36, 90, 97] - 697.4015411100016
[66, 36, 90, 94] - 753.2490158000004
[114, 63, 42] - 746.5715590000002
[100, 114, 63] - 822.6983870000004
[2, 114, 63] - 742.9160970000011
[114, 63, 120] - 737.1397540000004
[56, 114, 63] - 734.2487590000011
[24, 114, 63] - 866.9414470000014
[114, 38, 63] - 818.6809279999995
[114, 63, 97] - 746.5525480000006
[36, 114, 94, 63] - 707.1002043099985
[114, 90, 94, 63] - 708.4500098199992
[36, 114, 90, 63] - 713.3523740399995
[100, 114, 42] - 772.3963440000009
[2, 114, 42] - 752.6444159999984
[114, 42, 120] - 770.712373
[56, 114, 42] - 736.3536149999986
[24, 114, 42] - 779.4001540000012
[114, 38, 42] - 737.1582849999996
[114, 97, 42] - 786.3706679999995
[114, 94, 42] - 777.4126840000005
[36, 114, 42] - 781.6756179999996
[114, 90, 42] - 779.5519669999989
[100, 2, 114] - 739.7398490000004
[100, 114, 120] - 760.7997429999991
[56, 100, 114] - 728.364939000001
[100, 24, 114] - 771.0499560000005
[100, 114, 38] - 808.0098800000021
[100, 114, 97] - 771.8599239999999
[100, 114, 94] - 840.3430419999992
[100, 36, 114] - 849.7031420000008
[100, 114, 90] - 846.1774729999994
[2, 114, 120] - 736.2871939999995
[56, 2, 114] - 733.8528610000003
[24, 2, 114] - 770.407702000001
[2, 114, 38] - 755.7852419999998
[2, 114, 97] - 751.879863999999
[2, 114, 94] - 765.0912489999997
[2, 36, 114] - 760.3275709999991
[2, 114, 90] - 771.5594910000013
[56, 114, 120] - 727.7786989999984
[24, 114, 120] - 768.754162999999
[114, 38, 120] - 735.0577110000004
[114, 97, 120] - 770.8258789999995
[114, 94, 120] - 772.1966599999986
[36, 114, 120] - 771.6094220000002
[114, 90, 120] - 771.1242970000004
[88, 114] - 723.530699999999
[79, 114] - 779.6868000000005
[56, 24, 114] - 733.7113390000025
[56, 114, 38] - 724.2946930000013
[56, 114, 97] - 736.7318569999995
[56, 114, 94] - 729.9389920000006
[56, 36, 114] - 733.2784569999998
[56, 114, 90] - 731.3068549999999
[24, 114, 38] - 762.7915079999995
[24, 114, 97] - 780.4050760000015
[24, 36, 114, 94] - 683.5274973699992
[24, 114, 90, 94] - 694.3088521599993
[24, 36, 114, 90] - 689.7824106199994
[114, 71] - 710.7050999999998
[67, 114] - 716.6045999999998
[114, 38, 97] - 737.7422139999995
[114, 38, 94] - 850.5290319999989
[36, 114, 38] - 845.7420150000013
[114, 38, 90] - 854.9475960000002
[114, 94, 97] - 777.1798239999999
[36, 114, 97] - 781.7515329999985
[114, 90, 97] - 780.0514880000005
[36, 114, 90, 94] - 753.4114801200018
[128, 9] - 698.8731000000002
[57, 9, 97] - 717.2600019999984
[57, 9, 94] - 709.0956220000002
[57, 36, 9] - 710.1899759999992
[57, 90, 9] - 713.2540940000013
[1, 9, 31] - 703.8952439999998
[9, 94, 31] - 714.1515750000003
[36, 9, 31] - 711.8615059999996
[90, 9, 31] - 716.0545899999997
[5, 9] - 692.6438
[104, 9] - 700.5398999999982
[1, 9, 94] - 716.0518380000004
[1, 36, 9] - 717.3302790000006
[1, 90, 9] - 719.7770360000005
[79, 9] - 697.6597999999998
[56, 9] - 799.6114999999993
[24, 9] - 873.3949999999988
[9, 71] - 816.9161000000003
[67, 9] - 821.1852999999995
[9, 41, 97] - 854.8451340000009
[36, 9, 94, 41] - 681.3313205500007
[90, 9, 94, 41] - 683.4611381100002
[36, 90, 9, 41] - 681.6104559600006
[38, 9, 97] - 701.7518689999996
[38, 9, 94] - 697.1957259999998
[36, 38, 9] - 698.6520779999997
[38, 90, 9] - 700.2987439999998
[36, 9, 94, 97] - 732.96120447
[90, 9, 94, 97] - 734.7180434099996
[36, 90, 9, 97] - 734.5009190900001
[36, 90, 9, 94] - 776.1389314199968
[100, 63, 42] - 743.3409280000001
[2, 63, 42] - 746.3232380000017
[63, 42, 120] - 751.4604970000007
[56, 63, 42] - 736.7119630000001
[24, 63, 42] - 768.0224500000004
[38, 63, 42] - 759.5695219999998
[63, 97, 42] - 771.1745360000014
[94, 63, 42] - 765.9609460000015
[36, 63, 42] - 767.3107900000009
[90, 63, 42] - 766.7063960000012
[12, 63] - 734.0302999999992
[100, 2, 63] - 739.8402200000008
[100, 63, 120] - 735.2507410000002
[56, 100, 63] - 731.9265429999999
[100, 24, 63] - 742.7927449999992
[100, 38, 63] - 817.365146999999
[100, 63, 97] - 743.9122529999988
[100, 94, 63] - 820.7735120000006
[100, 36, 63] - 825.475193999998
[100, 90, 63] - 823.7312289999999
[2, 63, 120] - 737.6283780000003
[56, 2, 63] - 734.7971649999995
[24, 2, 63] - 746.0401890000002
[2, 38, 63] - 736.2066719999991
[2, 63, 97] - 745.9851080000009
[2, 94, 63] - 741.8035719999995
[2, 36, 63] - 743.0643049999984
[2, 90, 63] - 743.9700590000007
[56, 63, 120] - 728.7381370000006
[24, 63, 120] - 790.6930650000003
[38, 63, 120] - 780.9845
[63, 97, 120] - 793.0449440000012
[94, 63, 120] - 747.8583859999997
[36, 63, 120] - 746.6597770000004
[90, 63, 120] - 786.0593450000026
[88, 63] - 731.3336999999988
[79, 63] - 749.2344999999998
[56, 24, 63] - 734.5587900000005
[56, 38, 63] - 726.2717699999997
[56, 63, 97] - 738.0922490000005
[56, 94, 63] - 731.8209060000006
[56, 36, 63] - 734.699241
[56, 90, 63] - 733.0780740000008
[24, 38, 63] - 836.1925780000017
[24, 63, 97] - 850.0899950000007
[24, 94, 63] - 886.7193179999983
[24, 36, 63] - 888.9175980000007
[24, 90, 63] - 968.1368590000016
[71, 63] - 781.3326000000011
[67, 63] - 806.4750999999983
[38, 63, 97] - 840.9558619999989
[38, 94, 63] - 836.1612559999998
[36, 38, 63] - 841.5440169999997
[38, 90, 63] - 916.6400689999997
[94, 63, 97] - 766.3664030000009
[36, 63, 97] - 767.9208490000003
[90, 63, 97] - 846.1072730000001
[36, 90, 94, 63] - 725.6748438099996
[100, 2, 42] - 744.6095130000004
[100, 42, 120] - 767.7117520000013
[56, 100, 42] - 732.6573069999989
[100, 24, 42] - 776.0305430000009
[100, 38, 42] - 734.2978670000005
[100, 97, 42] - 778.6329719999981
[100, 94, 42] - 771.0124860000004
[100, 36, 42] - 774.5737089999994
[100, 90, 42] - 773.3046519999996
[2, 42, 120] - 832.502637
[56, 2, 42] - 736.0972880000012
[24, 2, 42] - 833.8507299999993
[2, 38, 42] - 883.6583829999994
[2, 94, 42, 97] - 701.0293787900013
[2, 36, 42, 97] - 709.3524531600012
[2, 90, 42, 97] - 709.012925280001
[2, 36, 94, 42] - 698.0907718099999
[2, 90, 94, 42] - 698.2048317399998
[2, 36, 90, 42] - 706.8001153700003
[56, 42, 120] - 771.879592
[24, 42, 120] - 843.6411359999989
[38, 42, 120] - 835.9235410000013
[94, 42, 97, 120] - 703.3723052400013
[36, 42, 97, 120] - 704.9832170000013
[90, 42, 97, 120] - 703.9192845899998
[36, 94, 42, 120] - 699.5549237899997
[90, 94, 42, 120] - 698.8217633600015
[36, 90, 42, 120] - 701.0827917700003
[88, 42] - 876.0850000000003
[79, 97, 42] - 702.0588939999997
[79, 94, 42] - 692.1741000000006
[79, 36, 42] - 702.5711240000011
[79, 90, 42] - 696.3087689999993
[56, 24, 42] - 735.3132560000009
[56, 38, 42] - 727.1222220000008
[56, 97, 42] - 782.8291229999987
[56, 94, 42] - 775.8899940000001
[56, 36, 42] - 778.5162959999991
[56, 90, 42] - 776.6303490000009
[24, 38, 42] - 839.5728880000017
[24, 94, 42, 97] - 692.8693766499979
[24, 36, 42, 97] - 697.8025313000015
[24, 90, 42, 97] - 698.7105971100011
[24, 36, 94, 42] - 687.6941625499991
[24, 90, 94, 42] - 689.5512399699999
[24, 36, 90, 42] - 694.5216136100003
[71, 42] - 860.9841999999982
[67, 97, 42] - 680.2430439999989
[67, 36, 42] - 676.8700060000006
[67, 90, 42] - 679.8093570000001
[38, 94, 42, 97] - 708.4421929700005
[36, 38, 42, 97] - 715.7509890000002
[38, 90, 42, 97] - 713.3245273800004
[36, 38, 94, 42] - 706.2199407
[38, 90, 94, 42] - 704.3249987
[36, 38, 90, 42] - 711.3990789199985
[36, 94, 42, 97] - 802.29617831
[90, 94, 42, 97] - 802.0171099900016
[36, 90, 42, 97] - 811.2865536799994
[36, 90, 94, 42] - 799.0101510300009
[100, 12] - 826.5073999999996
[12, 2] - 795.1362999999997
[12, 104] - 682.9665999999985
[12, 120] - 730.7948999999978
[1, 12] - 716.2375000000004
[88, 12, 79] - 743.254546
[88, 12, 97] - 735.1152359999992
[88, 12, 94] - 840.8430250000013
[88, 12, 36] - 843.2137030000009
[88, 12, 90] - 845.1657299999986
[12, 79, 97] - 731.2642840000009
[12, 79, 94] - 842.8905749999988
[12, 79, 36] - 843.7730040000007
[12, 79, 90] - 841.2440090000007
[12, 56, 97] - 720.5482160000015
[12, 56, 94] - 723.351433000001
[12, 56, 36] - 721.2036779999995
[12, 56, 90] - 723.6215450000002
[12, 24, 97] - 709.051511
[12, 24, 94] - 688.8322380000005
[12, 24, 36] - 688.0533069999999
[12, 24, 90] - 772.1852089999998
[12, 90, 71] - 753.1623079999999
[12, 67, 90] - 749.2672719999999
[12, 41] - 869.2763999999984
[12, 38, 97] - 746.2344170000013
[12, 38, 94] - 730.0326200000002
[12, 36, 38] - 736.3473220000004
[12, 38, 90] - 818.2421209999994
[12, 36, 94, 97] - 691.1019867699989
[12, 90, 94, 97] - 691.872840470001
[12, 36, 90, 97] - 694.3385101000018
[12, 36, 90, 94] - 790.5000305599998
[100, 31] - 752.9726999999987
[100, 2, 120] - 732.9784029999998
[56, 100, 2] - 730.0490570000019
[100, 24, 2] - 745.2108499999988
[100, 2, 38] - 730.788957
[100, 2, 97] - 743.3982739999989
[100, 2, 94] - 735.6181410000012
[100, 2, 36] - 740.758218
[100, 2, 90] - 741.8561690000006
[56, 100, 120] - 725.1048869999987
[100, 24, 120] - 766.8490110000013
[100, 38, 120] - 726.842546
[100, 97, 120] - 767.9704190000011
[100, 94, 120] - 763.6885189999987
[100, 36, 120] - 762.8925450000003
[100, 90, 120] - 762.7236040000001
[1, 100] - 731.1177999999999
[88, 56, 100] - 797.0742140000001
[88, 100, 24] - 800.5380669999984
[88, 100, 97] - 801.0747040000001
[88, 100, 94] - 836.0794329999998
[88, 100, 36] - 837.6564340000009
[88, 100, 90] - 832.6883339999989
[56, 100, 79] - 796.8579320000002
[100, 24, 79] - 846.191750000001
[100, 79, 97] - 840.4775719999999
[100, 79, 94] - 880.4918170000028
[100, 79, 36] - 880.006798999999
[100, 79, 90] - 870.7099270000001
[100, 56, 24, 97] - 879.4656869000003
[100, 56, 24, 94] - 876.8157861100003
[100, 56, 24, 36] - 874.9647494499993
[100, 56, 24, 90] - 872.6337552400004
[100, 56, 38] - 721.8999930000006
[100, 56, 94, 97] - 874.4057720300003
[100, 56, 36, 97] - 873.7429713799993
[100, 56, 90, 97] - 871.2007304799998
[100, 56, 36, 94] - 869.2826254100007
[100, 56, 90, 94] - 868.0882703899998
[100, 56, 36, 90] - 866.3062008899994
[100, 24, 38] - 732.7576380000004
[100, 24, 36, 94, 97] - 682.1641612235974
[100, 24, 90, 94, 97] - 682.3576538128999
[100, 24, 36, 90, 97] - 680.4907931995002
[100, 24, 36, 90, 94] - 676.4058290119991
[100, 36, 71] - 673.2924220000012
[67, 100] - 898.6327999999975
[100, 41] - 686.7819999999986
[100, 38, 97] - 734.9584970000013
[100, 38, 94] - 807.1608049999995
[100, 36, 38] - 812.1227700000002
[100, 38, 90] - 810.1888740000005
[100, 36, 90, 94, 97] - 675.0891011890994
[11, 128] - 839.2914
[6, 128] - 763.6936999999991
[23, 57, 128] - 771.6321889999989
[23, 128, 31] - 731.1113649999992
[23, 104, 128] - 771.8937119999996
[1, 23, 128] - 765.7665910000006
[56, 23, 128] - 768.8051830000004
[23, 128, 71] - 775.2741649999991
[67, 23, 128] - 771.042914000003
[23, 128, 41] - 738.1439170000001
[23, 38, 128] - 727.4985949999997
[23, 128, 97] - 769.603783000001
[23, 128, 94] - 770.7546460000008
[23, 36, 128] - 776.7673989999981
[23, 90, 128] - 772.5367369999996
[57, 128, 31] - 732.7343009999995
[57, 104, 128] - 858.0565789999997
[1, 57, 128] - 769.1049399999997
[56, 57, 128] - 770.9767330000009
[57, 128, 71] - 856.4438240000019
[67, 57, 128] - 857.4437300000006
[57, 38, 128, 41] - 686.4672012800007
[57, 128, 41, 97] - 684.9062637400006
[57, 128, 94, 41] - 687.4695748899995
[57, 36, 128, 41] - 690.8638170799996
[57, 90, 128, 41] - 686.1289835500003
[57, 38, 128, 97] - 710.6948066599991
[57, 38, 128, 94] - 711.706846320001
[57, 36, 38, 128] - 716.9108980600012
[57, 38, 90, 128] - 711.1909585700015
[57, 128, 94, 97] - 775.5684097600008
[57, 36, 128, 97] - 780.7296272300005
[57, 90, 128, 97] - 776.5382615000003
[57, 36, 128, 94] - 780.9869109900005
[57, 90, 128, 94] - 777.3196278099988
[57, 36, 90, 128] - 783.2916866200026
[104, 128, 31] - 734.00557
[1, 128, 31] - 747.2104329999997
[56, 128, 31] - 727.7266089999999
[128, 71, 31] - 732.7538560000004
[67, 128, 31] - 751.4230629999997
[128, 41, 31] - 741.2938360000002
[38, 128, 31] - 763.8254590000006
[128, 97, 31] - 762.6597959999999
[128, 94, 31] - 766.5395039999993
[36, 128, 31] - 773.2976550000004
[90, 128, 31] - 770.4920189999984
[5, 128] - 887.0258999999999
[2, 128] - 718.8497999999998
[1, 104, 128] - 768.5248410000012
[56, 104, 128] - 769.8439149999989
[104, 128, 71] - 856.5301030000004
[67, 104, 128] - 856.5738640000009
[104, 128, 41] - 741.6589190000007
[38, 104, 128] - 773.1942349999999
[104, 128, 97] - 858.3707569999981
[104, 128, 94] - 854.2998589999993
[36, 104, 128] - 865.5607420000001
[104, 90, 128] - 862.8459819999989
[38, 128, 120] - 733.5478899999979
[128, 97, 120] - 798.373039999998
[128, 94, 120] - 799.7412410000004
[36, 128, 120] - 799.8516280000002
[90, 128, 120] - 801.6857769999989
[56, 1, 128] - 763.9767579999994
[1, 128, 71] - 769.6415320000017
[67, 1, 128] - 785.9169550000008
[1, 128, 41] - 732.9222709999996
[1, 38, 128] - 744.3190580000002
[1, 128, 97] - 786.5882670000008
[1, 128, 94] - 788.5911640000011
[1, 36, 128] - 798.4432920000005
[1, 90, 128] - 792.3483729999988
[88, 128] - 675.4373
[79, 128] - 690.9277999999993
[56, 36, 128, 71] - 673.7238882499996
[56, 67, 36, 128] - 673.9188880900005
[56, 128, 41] - 734.9092990000001
[56, 38, 128, 97] - 727.1308603199994
[56, 38, 128, 94] - 724.0524795199976
[56, 36, 38, 128] - 729.7079819199997
[56, 38, 90, 128] - 725.6392957400004
[56, 128, 94, 97] - 761.9422126200011
[56, 36, 128, 97] - 766.8124723300015
[56, 90, 128, 97] - 762.2450858299991
[56, 36, 128, 94] - 764.7420482199992
[56, 90, 128, 94] - 761.2594553700006
[56, 36, 90, 128] - 765.7764662100021
[24, 128] - 749.0191999999985
[67, 128, 71, 97] - 690.2312633499998
[67, 128, 71, 94] - 683.8291221799994
[67, 36, 128, 71] - 690.4203219099998
[67, 90, 128, 71] - 688.6166069199993
[128, 71, 41] - 739.6599949999991
[38, 128, 71] - 887.2974450000011
[128, 71, 94, 97] - 730.4994592500007
[36, 128, 71, 97] - 738.0312349300007
[90, 128, 71, 97] - 737.083041020001
[36, 128, 71, 94] - 729.7496680900013
[90, 128, 71, 94] - 729.448901540001
[36, 90, 128, 71] - 737.2162644500024
[67, 128, 41] - 740.0935869999992
[67, 38, 128, 97] - 684.0135591000022
[67, 38, 128, 94] - 679.1951323000001
[67, 36, 38, 128] - 686.3228399100024
[67, 38, 90, 128] - 682.6001366700002
[67, 128, 94, 97] - 747.1879246700012
[67, 36, 128, 97] - 754.9564739900019
[67, 90, 128, 97] - 751.6084965699981
[67, 36, 128, 94] - 749.3478693300007
[67, 90, 128, 94] - 746.3785381100026
[67, 36, 90, 128] - 754.6138439599996
[38, 128, 41, 97] - 684.6910625000002
[38, 128, 94, 41] - 702.6535924599993
[36, 38, 128, 41] - 700.3900564100007
[38, 90, 128, 41] - 702.5612999900007
[128, 94, 41, 97] - 684.8884105899998
[36, 128, 41, 97] - 689.9539547899996
[90, 128, 41, 97] - 684.3046595199999
[36, 128, 94, 41] - 701.0466352300001
[90, 128, 94, 41] - 703.9161181499989
[36, 90, 128, 41] - 701.6811090200006
[36, 38, 128, 94, 97] - 690.6940664196022
[38, 90, 128, 94, 97] - 686.7590166482007
[36, 38, 90, 128, 97] - 691.8344171667011
[36, 38, 90, 128, 94] - 699.430626023601
[36, 90, 128, 94, 97] - 741.0397855453015
[11, 6] - 745.6112999999998
[11, 67, 23] - 678.6333130000005
[11, 23, 38] - 674.2898419999996
[11, 23, 36] - 682.7829989999993
[11, 23, 90] - 673.9177770000006
[55, 11] - 857.9790999999989
[11, 57, 94] - 683.9093950000006
[11, 57, 36] - 688.5711460000009
[11, 57, 90] - 683.4002850000011
[11, 5] - 809.3689
[11, 2, 38] - 734.3335809999996
[11, 2, 97] - 704.9075000000008
[11, 2, 94] - 736.7151630000001
[11, 2, 36] - 730.5453430000006
[11, 2, 90] - 738.4852249999992
[11, 104] - 859.6557999999984
[11, 38, 120] - 744.084279
[11, 97, 120] - 742.0603380000002
[11, 94, 120] - 759.3532909999998
[11, 36, 120] - 763.7848969999978
[11, 90, 120] - 758.0791440000002
[11, 1] - 854.8453000000004
[88, 11] - 817.4198999999999
[11, 79] - 846.2415999999985
[11, 56, 38] - 733.3617460000003
[11, 56, 97] - 735.4538530000002
[11, 56, 94] - 731.859798000001
[11, 56, 36] - 739.7059159999995
[11, 56, 90] - 731.6052209999997
[11, 24, 38] - 685.4294950000002
[11, 24, 97] - 680.0446470000006
[11, 24, 94] - 702.1404050000002
[11, 24, 36] - 693.6626920000003
[11, 24, 90] - 703.0181770000011
[11, 67, 71] - 689.8964220000012
[11, 38, 71] - 773.5560459999994
[11, 71, 97] - 719.2792059999999
[11, 71, 94] - 774.7949159999993
[11, 36, 71] - 790.9727160000001
[11, 90, 71] - 780.2270659999989
[11, 67, 38] - 877.5779509999994
[11, 67, 97] - 822.8351510000007
[11, 67, 94] - 881.7441299999978
[11, 67, 36] - 895.3801720000001
[11, 67, 90] - 888.2341720000011
[11, 38, 94, 41] - 686.9277013199978
[11, 36, 38, 41] - 686.8093969600009
[11, 38, 90, 41] - 689.050331070001
[11, 41, 97] - 823.5738640000023
[11, 36, 94, 41] - 683.2368561000017
[11, 90, 94, 41] - 685.7862670899984
[11, 36, 90, 41] - 687.2909844800007
[11, 36, 38, 94, 97] - 716.6063930617989
[11, 38, 90, 94, 97] - 711.0410966668019
[11, 36, 38, 90, 97] - 717.2210341493004
[11, 36, 38, 90, 94] - 757.7795104815002
[11, 36, 90, 94, 97] - 723.4919754701025
[23, 6] - 783.8978999999988
[57, 6, 41] - 730.4841049999995
[57, 38, 6] - 720.6916250000002
[57, 6, 97] - 731.898698
[57, 6, 94] - 754.7435239999995
[57, 36, 6] - 754.8356560000004
[57, 6, 90] - 756.0769779999996
[6, 90, 31] - 683.0076559999986
[2, 6] - 883.6352000000003
[104, 6] - 799.2282999999992
[6, 97, 120] - 678.3059790000001
[6, 94, 120] - 679.4650090000004
[36, 6, 120] - 681.7166800000002
[6, 90, 120] - 691.8123149999999
[1, 6, 97] - 692.4112579999992
[1, 6, 94] - 701.1822010000002
[1, 36, 6] - 700.4489920000012
[1, 6, 90] - 722.0923639999999
[88, 6, 94] - 695.1912500000011
[88, 36, 6] - 699.7947409999998
[88, 6, 90] - 699.4495410000002
[79, 6, 94] - 697.5253099999993
[79, 36, 6] - 701.0164260000012
[79, 6, 90] - 700.5324179999998
[56, 6, 94, 97] - 683.6069011200001
[56, 36, 6, 97] - 682.8761716199982
[56, 6, 90, 97] - 684.5780978
[56, 36, 6, 94] - 678.3273968300007
[56, 6, 90, 94] - 681.0649916200002
[56, 36, 6, 90] - 678.0833518599994
[24, 6, 97] - 803.6073090000018
[24, 6, 94] - 783.3878120000004
[24, 36, 6] - 778.3163749999986
[24, 6, 90] - 803.4915829999997
[6, 71, 97] - 740.8806570000007
[6, 71, 94] - 758.6821609999998
[36, 6, 71] - 761.4991430000001
[6, 90, 71] - 785.9192609999999
[67, 38, 6] - 696.6707320000003
[67, 6, 97] - 794.1329029999994
[67, 6, 94] - 808.169520000001
[67, 36, 6] - 811.2871690000004
[67, 6, 90] - 838.5584070000001
[38, 6, 41] - 814.0217410000009
[6, 94, 41, 97] - 720.1594978800006
[36, 6, 41, 97] - 719.5462409400002
[6, 90, 41, 97] - 736.5534728999986
[36, 6, 94, 41] - 755.241491
[6, 90, 94, 41] - 759.0261468099987
[36, 6, 90, 41] - 755.6073587500008
[38, 6, 94, 97] - 791.5331015500016
[36, 38, 6, 97] - 797.6266693500004
[38, 6, 90, 97] - 812.6064584000006
[36, 38, 6, 94] - 827.4084896700014
[38, 6, 90, 94] - 829.8094664899984
[36, 38, 6, 90] - 833.9484143000004
[36, 6, 90, 94, 97] - 739.0202327179979
[55, 23] - 710.0758000000002
[23, 57, 31] - 772.4019700000001
[23, 57, 104, 41] - 674.3167574299997
[23, 57, 104, 94] - 703.0161396999991
[23, 57, 36, 104] - 705.1145222899997
[23, 57, 104, 90] - 704.1817113499998
[1, 23, 57] - 775.9629400000007
[56, 23, 57] - 890.0546950000012
[23, 57, 71] - 882.8457970000012
[67, 23, 57] - 878.2726650000001
[23, 57, 94, 41] - 674.9808113800016
[23, 57, 36, 41] - 677.5981721100019
[23, 57, 90, 41] - 675.7755307099983
[23, 57, 38] - 890.5540870000017
[23, 57, 97] - 891.3510529999998
[23, 57, 36, 94] - 707.973703640001
[23, 57, 90, 94] - 706.3135297
[23, 57, 36, 90] - 708.0407540000008
[23, 104, 31] - 773.9039039999994
[1, 23, 31] - 815.8933429999988
[56, 23, 31] - 724.0969129999988
[23, 71, 31] - 854.7289930000013
[67, 23, 31] - 855.1686850000004
[23, 41, 31] - 859.7747240000009
[23, 38, 31] - 844.8609279999993
[23, 97, 31] - 728.5976970000007
[23, 94, 31] - 850.8439940000003
[23, 36, 31] - 859.5030349999993
[23, 90, 31] - 855.6969379999981
[23, 38, 5] - 673.6641769999998
[23, 5, 94] - 685.0737249999991
[23, 36, 5] - 693.1728319999991
[23, 5, 90] - 687.5278610000014
[23, 1, 104, 71] - 748.3249711900004
[67, 23, 1, 104] - 806.5266391199979
[23, 1, 104, 41] - 779.7686874700012
[23, 1, 38, 104] - 774.7038024000009
[23, 1, 104, 97] - 791.904531730001
[23, 1, 104, 94] - 804.7402970599993
[23, 1, 36, 104] - 814.9103062399988
[23, 1, 104, 90] - 808.7009460900011
[88, 23, 104] - 857.7139790000001
[23, 79, 104] - 858.7442599999991
[56, 23, 104] - 891.1678009999982
[67, 23, 104, 71] - 882.9306308699993
[23, 104, 71, 41] - 797.7048336800012
[23, 38, 104, 71] - 872.7194129699999
[23, 104, 71, 97] - 867.0939305300009
[23, 36, 104, 71, 94] - 682.2421721562993
[23, 104, 90, 71, 94] - 678.3213162160998
[23, 36, 104, 90, 71] - 687.1582073986006
[23, 67, 104, 41] - 856.3252285100006
[23, 67, 104, 38, 94] - 697.8002250117988
[23, 67, 36, 104, 38] - 705.4506645757992
[23, 67, 104, 38, 90] - 702.5959174125
[23, 67, 104, 94, 97] - 689.9264983248004
[23, 67, 36, 104, 97] - 697.5500635667013
[23, 67, 104, 90, 97] - 694.8205324849018
[23, 67, 36, 104, 94] - 724.8109077631005
[23, 67, 104, 90, 94] - 721.5075041687007
[23, 67, 36, 104, 90] - 730.2583716142996
[23, 36, 104, 38, 41] - 677.8228941527999
[23, 104, 38, 90, 41] - 675.3389074172005
[23, 104, 41, 97] - 859.9659446499986
[23, 36, 104, 94, 41] - 676.3595887547002
[23, 104, 90, 94, 41] - 673.7762703444007
[23, 36, 104, 90, 41] - 680.6139989110003
[23, 104, 38, 94, 97] - 701.8605295909995
[23, 36, 104, 38, 97] - 709.2514721845014
[23, 104, 38, 90, 97] - 705.6073314205983
[23, 36, 104, 38, 94] - 736.3208926137979
[23, 104, 38, 90, 94] - 731.5709532514996
[23, 36, 104, 38, 90] - 740.5417911553996
[23, 36, 104, 94, 97] - 730.6183786096028
[23, 104, 90, 94, 97] - 726.6293756019007
[23, 36, 104, 90, 97] - 735.2111444212997
[23, 36, 104, 90, 94] - 762.0958783556988
[23, 120] - 741.5964999999985
[56, 23, 1] - 760.1179740000002
[67, 23, 1, 71] - 807.9276972699993
[23, 1, 71, 41] - 782.8588294300008
[23, 1, 38, 71] - 775.0818664399986
[23, 1, 71, 97] - 734.4138086899989
[23, 1, 71, 94] - 805.1845329200011
[23, 1, 36, 71] - 816.8711644699976
[23, 1, 90, 71] - 810.6333711099988
[23, 1, 67, 41] - 843.3435861399983
[23, 1, 67, 38] - 837.733980410002
[23, 1, 67, 97] - 792.1335731499988
[23, 1, 67, 94] - 864.2725563300005
[23, 1, 67, 36] - 877.7034882900008
[23, 1, 67, 90] - 869.2872980099987
[23, 1, 38, 41] - 839.8265778899993
[23, 1, 41, 97] - 763.8544407799999
[23, 1, 94, 41] - 837.1794509000001
[23, 1, 36, 41] - 850.4296871000013
[23, 1, 90, 41] - 842.0469598
[23, 1, 38, 97] - 758.6416167800018
[23, 1, 38, 94] - 831.5894644600008
[23, 1, 36, 38] - 844.8960173599999
[23, 1, 38, 90] - 835.7903201799979
[23, 1, 94, 97] - 790.1309613600013
[23, 1, 36, 97] - 799.9714483200004
[23, 1, 90, 97] - 792.5444156700017
[23, 1, 36, 94] - 874.6024214199996
[23, 1, 90, 94] - 865.3533574199993
[23, 1, 36, 90] - 879.3851482699993
[88, 23, 79] - 718.9596160000017
[88, 23, 71] - 758.3406290000003
[88, 67, 23] - 833.8188199999997
[88, 23, 41] - 747.3110569999993
[88, 23, 38] - 851.1842139999998
[88, 23, 97] - 807.7857379999994
[88, 23, 36, 94] - 677.0782200100007
[88, 23, 36, 90] - 679.3222811500012
[23, 79, 71] - 763.3705080000008
[67, 23, 79] - 835.9797709999998
[23, 79, 41] - 749.7979319999993
[23, 79, 38] - 860.514868999999
[23, 79, 97] - 807.9788319999984
[23, 79, 36, 94] - 677.7670856300005
[23, 79, 90, 94] - 676.9088969900002
[23, 79, 36, 90] - 684.8216109699991
[23, 56, 71] - 835.1200650000002
[67, 23, 56] - 828.1158190000002
[23, 56, 41] - 855.6141509999995
[23, 56, 38] - 847.769716
[23, 56, 97] - 888.5141019999998
[23, 56, 36, 94] - 673.816344310001
[23, 56, 90] - 891.4385789999994
[23, 67, 71, 41] - 834.8024801099976
[23, 67, 38, 71, 94] - 676.6058323367006
[23, 67, 36, 38, 71] - 686.0571754382003
[23, 67, 38, 90, 71] - 682.2075931563999
[23, 67, 71, 97] - 844.393084589998
[23, 67, 36, 71, 94] - 707.4583832533998
[23, 67, 90, 71, 94] - 702.7343897121004
[23, 67, 36, 90, 71] - 713.0708961330009
[23, 38, 71, 41] - 853.0047373499995
[23, 71, 41, 97] - 758.8544632000021
[23, 71, 94, 41] - 851.4482047099997
[23, 36, 71, 41] - 862.2758519600013
[23, 90, 71, 41] - 857.7109839900011
[23, 38, 71, 97] - 832.2847386000026
[23, 36, 38, 71, 94] - 697.9193277726004
[23, 38, 90, 71, 94] - 692.0498166583
[23, 36, 38, 90, 71] - 703.1021977464968
[23, 71, 94, 97] - 863.7224421299998
[23, 36, 71, 97] - 873.0770331800009
[23, 90, 71, 97] - 868.3139682199987
[23, 36, 90, 71, 94] - 726.6744829305003
[23, 67, 38, 94, 41] - 683.0018046052004
[23, 67, 36, 38, 41] - 690.6947089360998
[23, 67, 38, 90, 41] - 686.9792860542009
[23, 67, 41, 97] - 815.4799842700008
[23, 67, 36, 94, 41] - 688.8256723964989
[23, 67, 90, 94, 41] - 685.2521092023995
[23, 67, 36, 90, 41] - 693.2739866163997
[23, 67, 36, 38, 97] - 674.7096073654
[23, 67, 36, 38, 94] - 745.5331313605018
[23, 67, 38, 90, 94] - 740.2950907120992
[23, 67, 36, 38, 90] - 750.9750058357997
[23, 67, 36, 94, 97] - 695.5745757376001
[23, 67, 90, 94, 97] - 691.2533697333989
[23, 67, 36, 90, 97] - 699.3281985137984
[23, 67, 36, 90, 94] - 771.2471079516016
[23, 38, 41, 97] - 857.9116479500002
[23, 36, 38, 94, 41] - 719.5738232579012
[23, 38, 90, 94, 41] - 714.7438249792013
[23, 36, 38, 90, 41] - 723.5611763390026
[23, 94, 41, 97] - 857.6531731800012
[23, 36, 41, 97] - 865.3699341899998
[23, 90, 41, 97] - 860.6031050999992
[23, 36, 90, 94, 41] - 722.6394681619007
[23, 36, 38, 94, 97] - 706.5586259188003
[23, 38, 90, 94, 97] - 701.0693804634991
[23, 36, 38, 90, 97] - 709.4830248582983
[23, 36, 38, 90, 94] - 779.9417617327994
[23, 36, 90, 94, 97] - 732.8991680773012
[55, 57, 94] - 707.9907330000009
[55, 57, 36] - 708.9821310000008
[55, 57, 90] - 713.5769360000003
[55, 5, 94] - 682.5947759999982
[55, 36, 5] - 680.1326189999996
[55, 5, 90] - 713.1216309999993
[55, 2, 38] - 761.4532810000002
[55, 2, 97] - 755.7587819999999
[55, 2, 94] - 801.2298610000001
[55, 2, 36] - 797.4037920000005
[55, 2, 90] - 808.606918000001
[88, 55, 104] - 695.9513270000001
[55, 79, 104] - 700.2718329999994
[55, 67, 104] - 722.2966989999992
[55, 104, 94] - 693.0854469999998
[55, 36, 104] - 706.248776000001
[55, 104, 90] - 786.8572169999998
[55, 120] - 692.8907999999999
[55, 1, 90] - 700.1757510000001
[55, 88, 79] - 738.5426579999997
[55, 88, 67] - 699.5947330000008
[55, 88, 94] - 743.9620609999989
[55, 88, 36] - 761.1497189999999
[55, 88, 90] - 761.3421919999995
[55, 67, 79] - 716.670495
[55, 79, 94] - 794.5800739999997
[55, 79, 36] - 808.1974830000001
[55, 79, 90] - 811.047361000001
[55, 24, 41] - 763.8570990000012
[55, 24, 38] - 764.4791029999997
[55, 24, 97] - 813.860476000001
[55, 24, 94] - 873.0509749999995
[55, 24, 36] - 868.5217390000004
[55, 24, 90] - 962.608022
[55, 67, 71] - 694.3475400000012
[55, 90, 71] - 732.5838779999992
[55, 67, 38] - 715.8682840000017
[55, 67, 94] - 743.5921829999991
[55, 67, 36] - 760.0247660000001
[55, 67, 90] - 838.5897140000023
[55, 38, 41, 97] - 683.064459169998
[55, 38, 94, 41] - 739.0897961400005
[55, 36, 38, 41] - 735.9693278299993
[55, 38, 90, 41] - 802.2422712500011
[55, 90, 41, 97] - 682.3873130999986
[55, 36, 94, 41] - 821.3256887599995
[55, 90, 94, 41] - 828.7784587199995
[55, 36, 90, 41] - 829.7587643300012
[55, 38, 94, 97] - 792.1068400799988
[55, 36, 38, 97] - 796.9279038499991
[55, 38, 90, 97] - 855.6100172799997
[55, 36, 38, 90, 94] - 678.7656530780004
[55, 36, 94, 97] - 849.3867741400003
[55, 90, 94, 97] - 848.7641531100005
[55, 36, 90, 97] - 858.9441379400032
[57, 104, 31] - 776.6589949999989
[1, 57, 31] - 770.0589659999998
[56, 57, 31] - 724.0586709999998
[57, 71, 31] - 788.7669480000014
[67, 57, 31] - 788.9159309999999
[57, 41, 31] - 783.1966809999997
[57, 38, 31] - 770.0094189999992
[57, 97, 31] - 759.8456300000001
[57, 94, 31] - 809.3603019999997
[57, 36, 31] - 813.9244269999994
[57, 90, 31] - 809.3705800000021
[57, 5, 41] - 707.2656370000016
[57, 38, 5] - 752.5087239999991
[57, 5, 97] - 816.6642279999994
[57, 5, 94] - 826.4979180000004
[57, 36, 5] - 829.8315759999991
[57, 5, 90] - 829.8404370000015
[57, 2, 41] - 695.069381
[57, 2, 38] - 743.5434870000004
[57, 2, 97] - 756.8644650000002
[57, 2, 94] - 786.8273430000004
[57, 2, 36] - 783.5310419999979
[57, 2, 90] - 790.1409599999995
[1, 57, 104] - 780.9324559999985
[56, 57, 104] - 885.7278349999995
[67, 57, 104, 71] - 698.365846229999
[57, 104, 71, 97] - 689.2299564700007
[57, 104, 71, 94] - 717.4614450300016
[57, 36, 104, 71] - 722.7033999900003
[57, 104, 90, 71] - 722.1919673800003
[67, 57, 104, 97] - 686.9732698800004
[67, 57, 104, 94] - 716.43493389
[67, 57, 36, 104] - 722.2408366000011
[67, 57, 104, 90] - 721.8444793799997
[57, 38, 104, 41] - 674.2491821599997
[57, 104, 94, 41] - 674.4578501800004
[57, 36, 104, 41] - 679.082535749999
[57, 104, 90, 41] - 677.3628044900005
[57, 104, 38, 94] - 699.7550550700014
[57, 36, 104, 38] - 705.362003879999
[57, 104, 38, 90] - 702.7505642199995
[57, 104, 94, 97] - 730.2771934899996
[57, 36, 104, 97] - 735.47739503
[57, 104, 90, 97] - 733.6375006399992
[57, 36, 104, 94] - 769.6287973100001
[57, 104, 90, 94] - 768.9359080799993
[57, 36, 104, 90] - 775.1397755699994
[57, 41, 120] - 733.3548419999989
[57, 38, 120] - 750.2262299999995
[57, 97, 120] - 808.9640110000016
[57, 94, 120] - 849.995304
[57, 36, 120] - 849.8438679999992
[57, 90, 120] - 847.9763310000002
[56, 1, 57] - 761.5127350000018
[1, 57, 71] - 795.855693
[67, 1, 57] - 792.0094730000008
[1, 57, 41] - 747.6725650000006
[1, 57, 38] - 737.7124270000011
[1, 57, 97] - 793.5674860000004
[1, 57, 94] - 815.6926749999986
[1, 57, 36] - 822.2244809999997
[1, 57, 90] - 814.9884630000003
[88, 57] - 709.7835999999994
[79, 57] - 744.8294999999989
[56, 57, 71] - 833.0723800000025
[67, 56, 57] - 828.0298719999993
[56, 57, 41] - 851.9077090000002
[56, 57, 38] - 844.0747109999991
[56, 57, 97] - 887.1840629999998
[56, 57, 94] - 890.9020479999998
[56, 57, 36] - 892.6490080000008
[56, 57, 90] - 887.996074000001
[24, 57] - 885.5001000000003
[67, 57, 71, 97] - 674.8688948599998
[67, 57, 71, 94] - 703.0879238599993
[67, 57, 36, 71] - 707.9172619199996
[67, 57, 90, 71] - 706.87454282
[57, 71, 41] - 840.3197440000013
[57, 38, 71] - 868.1909479999994
[57, 71, 94, 97] - 699.0897029700005
[57, 36, 71, 97] - 703.5046136199987
[57, 90, 71, 97] - 701.2472455000002
[57, 36, 71, 94] - 732.7686615399998
[57, 90, 71, 94] - 731.3024135000005
[57, 36, 90, 71] - 736.6493449100007
[67, 57, 41] - 841.9732019999998
[67, 57, 38] - 870.533523999999
[67, 57, 94, 97] - 699.4959730300001
[67, 57, 36, 97] - 704.0229634000007
[67, 57, 90, 97] - 701.1737655200012
[67, 57, 36, 94] - 733.6506418299996
[67, 57, 90, 94] - 732.7276274299973
[67, 57, 36, 90] - 737.7222005499985
[57, 38, 94, 41, 97] - 783.0260854948998
[57, 36, 38, 41, 97] - 783.7443734188987
[57, 38, 90, 41, 97] - 782.3757372312994
[57, 36, 38, 94, 41] - 811.9932480714016
[57, 38, 90, 94, 41] - 811.253872420998
[57, 36, 38, 90, 41] - 813.3308221202009
[57, 36, 94, 41, 97] - 785.6791050084013
[57, 90, 94, 41, 97] - 784.3768747493016
[57, 36, 90, 41, 97] - 785.2045271777997
[57, 36, 90, 94, 41] - 815.1856472400991
[57, 36, 38, 94, 97] - 807.3871518584007
[57, 38, 90, 94, 97] - 804.5228537659019
[57, 36, 38, 90, 97] - 806.204703706801
[57, 36, 38, 90, 94] - 836.0041969295988
[57, 36, 90, 94, 97] - 875.8588906382978
[1, 5, 31] - 717.414345999999
[5, 41, 31] - 682.086064999999
[5, 94, 31] - 698.7740140000004
[36, 5, 31] - 704.1805439999983
[5, 90, 31] - 720.1649339999991
[1, 104, 71, 31] - 687.8740812799991
[67, 1, 104, 31] - 686.931851569999
[1, 104, 41, 31] - 711.0878037799996
[1, 104, 94, 31] - 673.5450600299998
[1, 36, 104, 31] - 683.9063006299983
[1, 104, 90, 31] - 740.592830170001
[56, 104, 31] - 723.7457239999994
[67, 104, 71, 31] - 697.5706205200003
[104, 71, 41, 31] - 691.0324648699999
[104, 90, 71, 31] - 720.0386089799994
[67, 104, 41, 31] - 691.4563096300012
[67, 104, 90, 31] - 719.2899001099995
[104, 94, 41, 31] - 675.9669629299998
[36, 104, 41, 31] - 684.482327779999
[104, 90, 41, 31] - 742.3693955199994
[38, 104, 31] - 891.313141000001
[104, 97, 31] - 849.4051830000008
[36, 104, 94, 31] - 708.529487499999
[104, 90, 94, 31] - 707.8830078300008
[36, 104, 90, 31] - 717.3877969000001
[31, 120] - 683.6529999999998
[88, 1, 94, 31] - 689.593393640001
[88, 1, 36, 31] - 693.9625408800011
[88, 1, 90, 31] - 689.0067440299999
[1, 79, 94, 31] - 709.3011232800004
[1, 79, 36, 31] - 708.4792619400009
[1, 79, 90, 31] - 708.9655371900006
[1, 56, 71, 31] - 702.4417339800007
[67, 1, 56, 31] - 699.17585404
[1, 56, 41, 31] - 865.3292799799992
[1, 56, 97, 31] - 862.0064207000001
[1, 56, 94, 31] - 863.9984372900016
[1, 56, 36, 31] - 866.3031371599996
[1, 56, 90, 31] - 859.6405946799998
[1, 24, 31] - 742.7029799999999
[67, 1, 71, 31] - 817.4096710099982
[1, 71, 41, 31] - 886.070974239999
[1, 38, 71, 31] - 697.6420646899987
[1, 71, 97, 31] - 805.9583633800005
[1, 71, 94, 31] - 861.8639560900015
[1, 36, 71, 31] - 870.7985015499985
[1, 90, 71, 31] - 922.5489199499997
[1, 67, 41, 31] - 888.8636811199983
[1, 67, 38, 31] - 714.954612870001
[1, 67, 97, 31] - 818.7957682199997
[1, 67, 94, 31] - 874.4855625500022
[1, 67, 36, 31] - 882.528556400002
[1, 67, 90, 31] - 939.4437613299979
[1, 38, 41, 31] - 679.6761135999994
[1, 90, 41, 31, 97] - 695.5329525842983
[1, 36, 94, 41, 31] - 781.4546563452013
[1, 90, 94, 41, 31] - 777.2699269474989
[1, 36, 90, 41, 31] - 782.3799677844999
[1, 38, 90, 31] - 717.5569555699983
[1, 36, 94, 31, 97] - 704.4479237415024
[1, 90, 94, 31, 97] - 699.4878659575004
[1, 36, 90, 31, 97] - 701.643367074499
[1, 36, 90, 94, 31] - 829.9063893557003
[88, 79, 31] - 774.9448140000001
[88, 56, 31] - 676.1349400000004
[88, 41, 31] - 887.164363999998
[88, 97, 31] - 748.3743439999998
[88, 36, 94, 31] - 714.3323017700018
[88, 90, 94, 31] - 710.626901670001
[88, 36, 90, 31] - 712.7060410699988
[67, 79, 31] - 677.7808120000003
[79, 41, 31] - 883.5314240000013
[79, 97, 31] - 780.4344199999994
[79, 36, 94, 31] - 740.3204171900007
[79, 90, 94, 31] - 743.0313374200025
[79, 36, 90, 31] - 741.0069276400002
[56, 71, 41, 31] - 710.6448960500003
[56, 71, 97, 31] - 706.2089816899993
[56, 71, 94, 31] - 707.8717380299996
[56, 36, 71, 31] - 713.0496750700003
[56, 90, 71, 31] - 705.79444419
[56, 67, 41, 31] - 711.0140697900011
[56, 67, 97, 31] - 704.3785543100001
[56, 67, 94, 31] - 705.3449361699986
[56, 67, 36, 31] - 707.2197656099994
[56, 67, 90, 31] - 705.2274300199998
[56, 41, 97, 31] - 871.2670028199992
[56, 94, 41, 31] - 872.6589281299991
[56, 36, 41, 31] - 873.8658196299981
[56, 90, 41, 31] - 867.9607105699989
[56, 38, 31] - 721.3411969999986
[56, 94, 31, 97] - 868.9732121900021
[56, 36, 31, 97] - 870.4771702100011
[56, 90, 31, 97] - 864.2425189800011
[56, 36, 94, 31] - 873.3809231399988
[56, 90, 94, 31] - 867.506130020001
[56, 36, 90, 31] - 867.5648270600017
[24, 94, 31] - 675.8054520000012
[24, 36, 31] - 676.0405379999991
[24, 90, 31] - 755.0466559999987
[67, 71, 41, 31] - 813.7158948999981
[67, 38, 71, 31] - 727.3397276599992
[67, 71, 97, 31] - 730.296106289999
[67, 71, 94, 31] - 779.9011013000004
[67, 36, 71, 31] - 789.3111959000014
[67, 90, 71, 31] - 845.5340955100006
[38, 71, 41, 31] - 701.71807029
[71, 41, 97, 31] - 775.9558023199996
[71, 94, 41, 31] - 847.1141722299974
[36, 71, 41, 31] - 856.1489047299999
[90, 71, 41, 31] - 908.7204315300007
[38, 90, 71, 31] - 722.5683455099996
[71, 94, 31, 97] - 752.3027265699998
[36, 71, 31, 97] - 757.5875388699992
[90, 71, 31, 97] - 812.0402517499996
[36, 71, 94, 31] - 893.6477393699994
[90, 71, 94, 31] - 888.0325701399986
[36, 90, 71, 31] - 896.8266112100002
[67, 38, 41, 31] - 705.1347298799996
[67, 41, 97, 31] - 776.3617454600017
[67, 94, 41, 31] - 850.2615073799997
[67, 36, 41, 31] - 856.7619645399994
[67, 90, 41, 31] - 915.0942759700009
[67, 38, 94, 31] - 675.6804949499998
[67, 36, 38, 31] - 685.4562197099998
[67, 38, 90, 31] - 740.2605950500003
[67, 94, 31, 97] - 765.5687659200001
[67, 36, 31, 97] - 769.0101768599993
[67, 90, 31, 97] - 826.9853260999997
[67, 36, 90, 94, 31] - 678.9604181283005
[38, 90, 41, 31] - 705.0043219000013
[94, 41, 31, 97] - 877.092901220002
[36, 41, 31, 97] - 878.903167519999
[36, 90, 94, 41, 31] - 798.0942121055016
[38, 97, 31] - 874.6978129999999
[36, 38, 94, 31] - 694.2448214699991
[38, 90, 94, 31] - 690.9421321800016
[36, 38, 90, 31] - 700.0545138000015
[36, 90, 94, 31, 97] - 714.1694174923026
[2, 38, 5] - 682.1564859999996
[2, 5, 97] - 717.0888369999989
[2, 5, 94] - 731.0703820000007
[2, 36, 5] - 721.8412359999984
[2, 5, 90] - 732.2975909999991
[5, 104, 71] - 722.4914559999988
[67, 5, 104] - 768.3490979999983
[38, 5, 104] - 724.5135300000004
[5, 104, 97] - 768.5015860000001
[5, 104, 94] - 795.7821219999986
[36, 5, 104] - 804.9797179999994
[5, 104, 90] - 825.2180859999999
[5, 97, 120] - 715.7963839999987
[5, 94, 120] - 716.335462000001
[36, 5, 120] - 716.5670810000005
[5, 90, 120] - 724.8260050000004
[1, 5, 71] - 702.8088000000006
[67, 1, 5] - 753.166267999999
[1, 5, 41] - 834.171276
[1, 5, 97] - 806.5048050000005
[1, 5, 94] - 867.354418999998
[1, 36, 5] - 877.5232169999992
[1, 5, 90] - 889.5231899999995
[88, 79, 5] - 767.5165790000001
[88, 67, 5] - 694.4804159999993
[88, 5, 97] - 851.0711869999989
[88, 36, 5, 94] - 687.2908852499994
[88, 5, 90, 94] - 687.697239149999
[88, 36, 5, 90] - 690.5795655300016
[67, 79, 5] - 695.562120000001
[79, 5, 97] - 861.5309840000016
[79, 36, 5, 94] - 695.105253410001
[79, 5, 90, 94] - 696.7451116799981
[79, 36, 5, 90] - 696.8840860600009
[56, 5, 94, 97] - 678.7077232600005
[56, 36, 5, 97] - 680.9623048900011
[56, 36, 5, 94] - 686.8605922200012
[56, 5, 90, 94] - 680.76432724
[56, 36, 5, 90] - 682.1804137200021
[24, 5, 97] - 876.9748740000022
[24, 36, 5, 94] - 679.616555320002
[24, 5, 90, 94] - 687.0570814400021
[24, 36, 5, 90] - 680.5033579999982
[67, 5, 71] - 841.9277210000022
[5, 71, 41] - 693.6059889999991
[38, 5, 71] - 787.2268500000015
[5, 71, 94, 97] - 680.2677535999995
[36, 5, 71, 97] - 687.0864471599997
[5, 90, 71, 97] - 698.4973598500005
[36, 5, 71, 94] - 725.5064146599985
[5, 90, 71, 94] - 721.3298962699998
[36, 5, 90, 71] - 730.083739490001
[67, 5, 41] - 737.3381110000004
[67, 38, 5] - 841.034169
[67, 5, 94, 97] - 717.9894478000003
[67, 36, 5, 97] - 721.8958227599993
[67, 5, 90, 97] - 736.3118369799994
[67, 36, 5, 94] - 764.6457562300011
[67, 5, 90, 94] - 765.1976759299977
[67, 36, 5, 90] - 770.2764965600013
[5, 38, 94, 41] - 675.2843156999994
[36, 5, 38, 41] - 676.8387001200008
[5, 38, 90, 41] - 691.0279519099998
[5, 94, 41, 97] - 794.7781978199986
[36, 5, 41, 97] - 795.7711274600014
[5, 90, 41, 97] - 808.3441527299997
[36, 5, 94, 41] - 862.1735696099989
[5, 90, 94, 41] - 863.3354658100018
[36, 5, 90, 41] - 863.3420223200018
[36, 5, 38, 94, 97] - 686.1899939095024
[5, 38, 90, 94, 97] - 683.9817657596017
[36, 5, 38, 90, 97] - 684.6831028800992
[36, 5, 38, 90, 94] - 713.1447226269017
[36, 5, 90, 94, 97] - 850.7349204227015
[56, 2, 120] - 788.1422329999986
[2, 24, 38, 120] - 769.9880901800009
[2, 24, 97, 120] - 794.2329837499977
[2, 24, 94, 120] - 792.8617598600015
[2, 24, 36, 120] - 790.6073180600014
[2, 24, 90, 120] - 792.6736094099997
[2, 38, 97, 120] - 855.5670919900048
[2, 38, 94, 120] - 875.7478693599996
[2, 36, 38, 120] - 876.1543167700004
[2, 38, 90, 120] - 875.2926750800007
[2, 94, 97, 120] - 876.9044300100015
[2, 36, 97, 120] - 876.3601800299997
[2, 90, 97, 120] - 877.3663858299994
[2, 36, 94, 120] - 895.7215978899991
[2, 90, 94, 120] - 896.6965853299997
[2, 36, 90, 120] - 897.8734501400015
[88, 2, 97] - 677.2578730000021
[88, 2, 94] - 699.6545909999996
[88, 2, 36] - 709.2791480000003
[88, 2, 90] - 709.561326999999
[2, 79, 38] - 678.773825
[2, 79, 97] - 693.9834060000009
[2, 79, 94] - 717.2236120000001
[2, 79, 36] - 725.1556530000012
[2, 79, 90] - 722.916378
[56, 24, 2] - 735.6518359999983
[56, 2, 38] - 849.1629679999995
[56, 2, 97] - 858.2451730000013
[56, 2, 94] - 854.8871290000014
[56, 2, 36] - 856.7036039999998
[56, 2, 90] - 857.8177310000004
[2, 24, 38, 94, 97] - 748.3306493929995
[2, 24, 36, 38, 97] - 748.4459886746985
[2, 24, 38, 90, 97] - 748.380788743399
[2, 24, 36, 38, 94] - 752.7929282349013
[2, 24, 38, 90, 94] - 760.0483260719004
[2, 24, 36, 38, 90] - 753.7854399024008
[2, 24, 36, 94, 97] - 774.5272255210988
[2, 24, 90, 94, 97] - 777.1075169054969
[2, 24, 36, 90, 97] - 778.9646196902997
[2, 24, 36, 90, 94] - 781.2568321207025
[2, 71] - 857.5118999999996
[67, 2] - 866.3329000000004
[2, 38, 41] - 717.9279600000001
[2, 94, 41] - 719.1280669999998
[2, 36, 41] - 704.2381839999993
[2, 90, 41] - 718.7046759999995
[2, 36, 38, 94, 97] - 873.9541254671008
[2, 38, 90, 94, 97] - 874.0926438334009
[2, 36, 38, 90, 97] - 875.947880073799
[2, 36, 38, 90, 94] - 896.8556805133956
[2, 36, 90, 94, 97] - 902.7912371663018
[104, 120] - 880.6397999999994
[88, 1, 104] - 762.9652120000001
[1, 79, 104] - 757.3352249999996
[56, 1, 104] - 759.7026979999999
[67, 1, 104, 71] - 864.535892820001
[1, 104, 71, 41] - 829.6114377600004
[1, 38, 104, 71] - 808.4561564200002
[1, 104, 71, 97] - 828.3395101700022
[1, 104, 71, 94] - 820.7771228700019
[1, 36, 104, 71] - 832.205706500002
[1, 104, 90, 71] - 889.7492244399991
[1, 67, 104, 41] - 891.6688977000009
[1, 67, 38, 104] - 871.1337489900005
[1, 67, 104, 97] - 888.0378192999985
[1, 67, 104, 94] - 880.6667233800005
[1, 67, 36, 104, 90] - 673.8848842118997
[1, 38, 104, 41] - 847.9026902399996
[1, 104, 41, 97] - 830.4637743000021
[1, 104, 94, 41] - 871.1895653300008
[1, 36, 104, 41] - 884.8613384900011
[1, 104, 90, 41] - 941.0172337599984
[1, 104, 38, 97] - 853.045299900001
[1, 104, 38, 94] - 807.4162107799983
[1, 36, 104, 38] - 820.0236955299996
[1, 104, 38, 90] - 873.8664642500029
[1, 104, 94, 97] - 820.8963042599983
[1, 36, 104, 97] - 832.536519080002
[1, 104, 90, 97] - 887.3032276499989
[1, 36, 104, 90, 94] - 708.9625877075996
[88, 79, 104, 94] - 701.8606010500002
[88, 79, 36, 104] - 712.2758590400007
[88, 79, 104, 90] - 713.7748158499995
[88, 36, 104, 71] - 677.9280422599996
[88, 104, 90, 71] - 674.3513340200013
[88, 67, 104, 94] - 725.4195631099977
[88, 67, 36, 104] - 738.9103355600002
[88, 67, 104, 90] - 736.6865070899995
[88, 104, 41] - 825.3458900000012
[88, 36, 104, 38] - 675.6357979499992
[88, 104, 94, 97] - 695.0050097400001
[88, 36, 104, 97] - 707.3435244099996
[88, 104, 90, 97] - 702.5871011400018
[88, 36, 104, 94] - 826.2127106099999
[88, 104, 90, 94] - 821.9738161400007
[88, 36, 104, 90] - 837.3805657099994
[79, 36, 104, 71] - 675.8694400300017
[79, 104, 90, 71] - 680.1796240599992
[67, 79, 104, 94] - 728.3513009200024
[67, 79, 36, 104] - 735.9308727799993
[67, 79, 104, 90] - 741.5309798600013
[79, 104, 41] - 823.545458
[79, 36, 104, 38] - 675.3647535899992
[79, 104, 38, 90] - 676.5478746300003
[79, 104, 94, 97] - 694.5558547399997
[79, 36, 104, 97] - 701.2305151800015
[79, 104, 90, 97] - 704.4272062999994
[79, 36, 104, 94] - 824.24595822
[79, 104, 90, 94] - 827.8968957000008
[79, 36, 104, 90] - 838.9629415099997
[56, 104, 71] - 834.0415949999986
[67, 56, 104] - 826.0873030000001
[56, 104, 41] - 852.0341490000005
[56, 38, 104] - 846.1745520000002
[56, 104, 97] - 887.650791999999
[56, 104, 94] - 888.8188869999985
[56, 36, 104] - 894.8292819999989
[56, 104, 90] - 890.3627569999984
[67, 104, 71, 41] - 861.5739543500022
[67, 104, 38, 71, 97] - 707.3477102910001
[67, 104, 38, 71, 94] - 678.5795591771
[67, 36, 104, 38, 71] - 689.0622377309987
[67, 104, 38, 90, 71] - 733.9498130286008
[67, 104, 71, 94, 97] - 699.3871024694992
[67, 36, 104, 71, 97] - 709.6576580465023
[67, 104, 90, 71, 97] - 755.4585237287022
[67, 36, 104, 71, 94] - 746.5866238377004
[67, 104, 90, 71, 94] - 744.3630385461009
[67, 36, 104, 90, 71] - 757.4841280067009
[38, 104, 71, 41] - 858.1079238600018
[104, 71, 41, 97] - 824.5626725800004
[104, 71, 94, 41] - 834.5286062700014
[36, 104, 71, 41] - 844.4660152099989
[104, 90, 71, 41] - 905.36202123
[36, 104, 38, 71, 97] - 676.6058477392983
[104, 38, 90, 71, 97] - 720.6170597853012
[36, 104, 38, 71, 94] - 698.5226664494985
[104, 38, 90, 71, 94] - 694.1230216292003
[36, 104, 38, 90, 71] - 706.1205386983003
[36, 104, 71, 94, 97] - 719.9496987301001
[104, 90, 71, 94, 97] - 717.1685428143994
[36, 104, 90, 71, 97] - 728.3607756192007
[36, 104, 90, 71, 94] - 783.2845819305016
[67, 104, 38, 90, 41] - 690.822375698999
[67, 104, 41, 97] - 881.4309402300006
[67, 36, 104, 94, 41] - 675.5840976968011
[67, 104, 90, 94, 41] - 674.463311410401
[67, 36, 104, 90, 41] - 682.5801840498989
[67, 104, 38, 94, 97] - 714.7166419216003
[67, 36, 104, 38, 97] - 724.5363768312014
[67, 104, 38, 90, 97] - 768.1456325223003
[67, 36, 104, 38, 94] - 746.5413414544005
[67, 104, 38, 90, 94] - 743.2269080075006
[67, 36, 104, 38, 90] - 754.8738710316994
[67, 36, 104, 94, 97] - 766.0937685124012
[67, 104, 90, 94, 97] - 763.8897618952998
[67, 36, 104, 90, 97] - 775.5482006814004
[67, 36, 104, 90, 94] - 830.3412575968
[104, 38, 90, 41, 97] - 694.0777069910998
[36, 104, 38, 94, 41] - 678.1215374003002
[104, 38, 90, 94, 41] - 674.9357620440993
[36, 104, 38, 90, 41] - 683.0106553489001
[104, 94, 41, 97] - 857.3599002699996
[36, 104, 41, 97] - 865.9974957700003
[36, 104, 90, 94, 41] - 749.3587110241019
[36, 104, 38, 94, 97] - 752.5369110839996
[104, 38, 90, 94, 97] - 748.2528828316993
[36, 104, 38, 90, 97] - 759.0938324262997
[36, 104, 38, 90, 94] - 785.2269630023027
[36, 104, 90, 94, 97] - 803.4741547509992
[1, 120] - 677.5503000000009
[88, 97, 120] - 704.4526119999987
[88, 94, 120] - 733.0518410000004
[88, 36, 120] - 743.8547040000001
[88, 90, 120] - 739.6194249999983
[79, 38, 120] - 694.5897339999993
[79, 97, 120] - 752.109690000001
[79, 94, 120] - 785.0091280000003
[79, 36, 120] - 791.7992759999997
[79, 90, 120] - 785.3383669999996
[56, 24, 120] - 728.585657
[56, 71, 120] - 796.4988369999999
[67, 56, 120] - 799.9329249999986
[56, 38, 97, 120] - 858.0828577899998
[56, 38, 94, 120] - 853.1370498700011
[56, 36, 38, 120] - 860.3819374299993
[56, 38, 90, 120] - 854.2143752799999
[56, 36, 94, 97, 120] - 673.8438671883997
[56, 36, 90, 97, 120] - 674.9470694343995
[56, 90, 94, 120] - 891.0103328500006
[24, 38, 97, 120] - 824.0852559400006
[24, 38, 94, 120] - 791.8571632299999
[24, 36, 38, 120] - 788.0308169700003
[24, 38, 90, 120] - 821.1809338999997
[24, 94, 97, 120] - 840.8163480099989
[24, 36, 97, 120] - 836.180474619999
[24, 90, 97, 120] - 870.3638548600005
[24, 36, 94, 120] - 835.0190303700005
[24, 90, 94, 120] - 838.7044552000015
[24, 36, 90, 120] - 835.2773268299992
[67, 71, 120] - 802.8515550000027
[38, 90, 71, 120] - 693.546607749998
[71, 94, 97, 120] - 692.2895172299983
[36, 71, 97, 120] - 697.7016838200007
[90, 71, 97, 120] - 728.7680307100017
[36, 71, 94, 120] - 721.8653863299979
[90, 71, 94, 120] - 720.9384769300012
[36, 90, 71, 120] - 728.9761900100016
[67, 38, 90, 120] - 700.4775114099994
[67, 94, 97, 120] - 700.2342455300012
[67, 36, 97, 120] - 705.4007141399999
[67, 90, 97, 120] - 735.5464027300003
[67, 36, 94, 120] - 728.9005909199984
[67, 90, 94, 120] - 728.5112924300009
[67, 36, 90, 120] - 736.4590901099991
[38, 41, 120] - 771.1767809999992
[41, 97, 120] - 734.7543389999989
[94, 41, 120] - 733.7140769999996
[36, 41, 120] - 735.7316550000013
[90, 41, 120] - 776.4167799999997
[36, 38, 94, 97, 120] - 863.3850594246992
[38, 90, 94, 97, 120] - 861.8037759766
[36, 38, 90, 97, 120] - 864.0857595241986
[36, 38, 90, 94, 120] - 882.3496484145011
[36, 90, 94, 97, 120] - 921.219598341299
[88, 1, 79, 41] - 730.6920290999999
[88, 1, 79, 97] - 690.1059854000003
[88, 1, 79, 94] - 810.6293115599993
[88, 1, 79, 36] - 813.8914777700008
[88, 1, 79, 90] - 811.48564885
[88, 56, 1] - 716.7724800000008
[88, 1, 71] - 876.6203620000017
[88, 1, 67, 94] - 729.9326408100011
[88, 1, 67, 36] - 739.6559292500007
[88, 1, 67, 90] - 736.3472367500007
[88, 1, 41, 97] - 734.2925378899998
[88, 1, 94, 41] - 864.8478363799985
[88, 1, 36, 41] - 872.2662001900011
[88, 1, 90, 41] - 863.2220345800021
[88, 1, 94, 97] - 812.2715143000008
[88, 1, 36, 97] - 818.5227648999994
[88, 1, 90, 97] - 809.6382632599997
[88, 1, 36, 90, 94] - 710.4732732066977
[56, 1, 79] - 711.3829640000012
[1, 79, 71] - 892.720702999999
[1, 67, 79, 94] - 736.662886239997
[1, 67, 79, 36] - 741.0473933899992
[1, 67, 79, 90] - 743.3576605400016
[1, 79, 41, 97] - 723.18106992
[1, 79, 94, 41] - 860.0294605500035
[1, 79, 36, 41] - 862.4327615000013
[1, 79, 90, 41] - 860.7500133799997
[1, 79, 94, 97] - 826.8169592399995
[1, 79, 36, 97] - 827.4489380699995
[1, 79, 90, 97] - 825.0374691100014
[1, 79, 36, 90, 94] - 724.1508201290002
[1, 56, 71, 41] - 705.2953815199994
[1, 56, 71, 97] - 735.2331847100021
[1, 56, 71, 94] - 735.4348019300011
[1, 56, 36, 71] - 741.7760612599992
[1, 56, 90, 71] - 733.1206573600016
[1, 56, 67, 41] - 704.0162452899989
[1, 56, 67, 97] - 730.2300068700001
[1, 56, 67, 94] - 729.4679293500002
[1, 56, 67, 36] - 733.4928491200002
[1, 56, 67, 90] - 729.7470205699985
[1, 56, 41, 97] - 865.2058704500018
[1, 56, 94, 41] - 864.3810242300004
[1, 56, 36, 41] - 868.0436113999988
[1, 56, 90, 41] - 861.213349370001
[1, 56, 38] - 714.811527
[1, 56, 36, 94, 97] - 674.9203271659992
[1, 56, 90, 97] - 891.0096572900026
[1, 56, 90, 94] - 892.0115243400002
[1, 56, 36, 90] - 894.3772608600001
[1, 24, 90] - 737.7485129999991
[1, 67, 90, 71, 41] - 714.0249981336988
[1, 67, 38, 71] - 870.2498207599989
[1, 67, 90, 71, 97] - 686.5429079586006
[1, 67, 36, 71, 94] - 715.3724767952003
[1, 67, 90, 71, 94] - 709.3208116531008
[1, 67, 36, 90, 71] - 721.4410780771016
[1, 38, 71, 41] - 844.8201488399998
[1, 90, 71, 41, 97] - 696.9323367080988
[1, 36, 71, 94, 41] - 745.0736955679974
[1, 90, 71, 94, 41] - 736.5136747432002
[1, 36, 90, 71, 41] - 748.2068370739987
[1, 38, 71, 97] - 792.936774399999
[1, 38, 71, 94] - 800.342551029999
[1, 36, 38, 71] - 814.551132389999
[1, 38, 90, 71] - 867.4342086200003
[1, 36, 71, 94, 97] - 708.3588988502005
[1, 90, 71, 94, 97] - 701.0838055407012
[1, 36, 90, 71, 97] - 709.0588495142995
[1, 36, 90, 71, 94] - 798.5400163889
[1, 67, 38, 90, 41] - 678.9887430131995
[1, 67, 94, 41, 97] - 693.2043975070003
[1, 67, 36, 41, 97] - 699.8987255551995
[1, 67, 90, 41, 97] - 742.7609952583997
[1, 67, 36, 94, 41] - 788.6854964698008
[1, 67, 90, 94, 41] - 784.2843822461988
[1, 67, 36, 90, 41] - 794.2453992973994
[1, 67, 38, 97] - 870.1254201099994
[1, 67, 38, 94] - 878.7841861799998
[1, 67, 36, 38] - 894.9074270299992
[1, 67, 36, 94, 97] - 761.1424460918003
[1, 67, 90, 94, 97] - 756.7386835659014
[1, 67, 36, 90, 97] - 764.3268690944993
[1, 67, 36, 90, 94] - 852.7001284039983
[1, 38, 41, 97] - 826.8734160900004
[1, 38, 94, 41] - 841.5695426400008
[1, 36, 38, 41] - 856.094597779999
[1, 36, 94, 41, 97] - 821.0848112298985
[1, 90, 94, 41, 97] - 814.417058802001
[1, 36, 90, 41, 97] - 820.0111378378018
[1, 36, 90, 94, 41] - 946.7910162905991
[1, 38, 94, 97] - 801.8318015100003
[1, 36, 38, 97] - 814.6309508800007
[1, 38, 90, 97] - 866.6881620400004
[1, 36, 38, 94] - 892.5628247000008
[1, 38, 90, 94] - 882.5543472300014
[1, 36, 38, 90] - 900.0398381300012
[1, 36, 90, 94, 97] - 893.6902879165993
[88, 56, 79] - 862.6869250000001
[88, 24, 79] - 891.1365700000014
[88, 79, 71, 97] - 706.1324676799989
[88, 79, 71, 94] - 796.98281097
[88, 79, 36, 71] - 805.3725074599992
[88, 79, 90, 71] - 804.2912724099975
[88, 67, 79, 97] - 776.9179298199995
[88, 67, 79, 94] - 870.0945624100012
[88, 67, 79, 36] - 877.141338920003
[88, 67, 79, 90] - 882.8029884199999
[88, 79, 41, 97] - 699.1229246899985
[88, 79, 94, 41] - 843.3984371600005
[88, 79, 36, 41] - 843.7143735200005
[88, 79, 90, 41] - 843.7931059
[88, 79, 38, 94] - 712.7521322299989
[88, 79, 36, 38] - 725.8789705300004
[88, 79, 38, 90] - 720.140510080001
[88, 79, 36, 94, 97] - 796.5068459623001
[88, 79, 90, 94, 97] - 792.6600108761975
[88, 79, 36, 90, 97] - 799.7266034521991
[88, 79, 36, 90, 94] - 901.8403590950985
[88, 56, 24] - 800.7396860000003
[88, 56, 71] - 741.1159120000005
[88, 67, 56] - 736.3905629999988
[88, 56, 41] - 793.9352079999986
[88, 56, 38] - 718.2744920000005
[88, 56, 36, 94, 97] - 682.5535129621004
[88, 56, 90, 94, 97] - 676.1014360030014
[88, 56, 36, 90, 97] - 677.828320162702
[88, 56, 36, 90, 94] - 676.7162109900994
[88, 24, 94, 97] - 708.3420718100003
[88, 24, 36, 97] - 710.7747388700012
[88, 24, 90, 97] - 710.4933688400001
[88, 24, 36, 94] - 794.1041721599994
[88, 24, 90, 94] - 796.0649016999981
[88, 24, 36, 90] - 799.2578865200011
[88, 67, 71, 97] - 718.6512799700021
[88, 67, 71, 94] - 797.2763655900004
[88, 67, 36, 71] - 811.7561426800002
[88, 67, 90, 71] - 810.1443805400013
[88, 71, 41] - 880.0397960000026
[88, 38, 71, 94] - 718.4640209100002
[88, 36, 38, 71] - 732.4295971300019
[88, 38, 90, 71] - 726.0211002400001
[88, 71, 94, 97] - 886.6583240399992
[88, 36, 90, 71, 97] - 675.3656254964012
[88, 36, 90, 71, 94] - 750.2260319563986
[88, 67, 94, 41] - 721.2536552099994
[88, 67, 36, 41] - 726.3579782299993
[88, 67, 90, 41] - 725.8075552099992
[88, 67, 38, 97] - 734.6221569599998
[88, 67, 38, 94] - 791.7715073299988
[88, 67, 36, 38] - 806.5625778999996
[88, 67, 38, 90] - 802.6965740600012
[88, 67, 36, 94, 97] - 721.1814098016006
[88, 67, 90, 94, 97] - 721.0234679016987
[88, 67, 36, 90, 97] - 730.454571033698
[88, 67, 36, 90, 94] - 807.0178140614995
[88, 38, 41] - 740.6703000000015
[88, 94, 41, 97] - 822.0944148400015
[88, 36, 41, 97] - 825.2049641600009
[88, 90, 41, 97] - 818.3604466000006
[88, 36, 90, 94, 41] - 733.146085819299
[88, 36, 38, 94, 97] - 693.5679305470995
[88, 38, 90, 94, 97] - 685.0665570501003
[88, 36, 38, 90, 97] - 699.0618356249983
[88, 36, 38, 90, 94] - 738.4277028635007
[88, 36, 90, 94, 97] - 989.1533013303991
[56, 24, 79] - 800.2322179999998
[56, 79, 71] - 747.5699829999985
[67, 56, 79] - 733.32191
[56, 79, 41] - 792.771075000001
[56, 79, 38] - 729.2684049999998
[56, 79, 36, 94, 97] - 676.0640722908016
[56, 79, 90, 97] - 894.0664994500002
[56, 79, 90, 94] - 896.4016649600012
[56, 79, 36, 90] - 894.0720135199994
[79, 24, 94, 97] - 742.37452313
[79, 24, 36, 97] - 741.9916343800007
[79, 24, 90, 97] - 738.4025573100021
[79, 24, 36, 94] - 829.7552903300019
[79, 24, 90, 94] - 828.4434550599995
[79, 24, 36, 90] - 828.4113123999988
[67, 79, 71, 97] - 722.1669727999993
[67, 79, 71, 94] - 807.1857265200007
[67, 79, 36, 71] - 814.8514022300006
[67, 79, 90, 71] - 819.3288364199985
[79, 71, 41] - 882.8269189999977
[79, 38, 71, 94] - 727.3976831900002
[79, 36, 38, 71] - 734.9503065900013
[79, 38, 90, 71] - 736.0187897399992
[79, 36, 71, 94, 97] - 676.2056919177993
[79, 90, 71, 94, 97] - 675.7036325012018
[79, 36, 90, 71, 97] - 680.4603816371005
[79, 36, 90, 71, 94] - 762.0007783159994
[67, 79, 94, 41] - 717.6501639800001
[67, 79, 36, 41] - 717.5578643200001
[67, 79, 90, 41] - 723.7833076499993
[67, 79, 38, 97] - 736.0284815099999
[67, 79, 38, 94] - 798.3150135899989
[67, 79, 36, 38] - 807.3816261700003
[67, 79, 38, 90] - 807.3449458899996
[67, 79, 36, 94, 97] - 725.9121989077016
[67, 79, 90, 94, 97] - 728.214176491099
[67, 79, 36, 90, 97] - 732.6257954804
[67, 79, 36, 90, 94] - 812.8436780573985
[79, 38, 41] - 745.665378
[79, 94, 41, 97] - 815.9831931199998
[79, 36, 41, 97] - 813.2887500700011
[79, 90, 41, 97] - 813.6503362300011
[79, 36, 90, 94, 41] - 730.4949816535006
[79, 36, 38, 94, 97] - 699.4721196798007
[79, 38, 90, 94, 97] - 695.6150945557988
[79, 36, 38, 90, 97] - 704.593668926199
[79, 36, 38, 90, 94] - 748.7956234921999
[79, 36, 90, 94, 97] - 1006.639682614599
[56, 24, 38] - 724.6529139999992
[56, 24, 94, 97] - 880.9347262999979
[56, 24, 36, 97] - 878.8029080399989
[56, 24, 90, 97] - 877.0390646400011
[56, 24, 36, 94] - 875.2397483100016
[56, 24, 90, 94] - 874.2417747900018
[56, 24, 36, 90] - 871.3697586300013
[56, 67, 38, 71] - 703.4662335399994
[56, 67, 71, 97] - 817.7736066099994
[56, 67, 71, 94] - 817.2885922799999
[56, 67, 36, 71] - 821.2328580699997
[56, 67, 90, 71] - 820.9268063999995
[56, 71, 41, 97] - 756.3943608100005
[56, 71, 94, 41] - 756.2732886099976
[56, 36, 71, 41] - 763.1318964099986
[56, 90, 71, 41] - 754.4136428300002
[56, 38, 71, 97] - 860.820069589999
[56, 38, 71, 94] - 857.5011303000008
[56, 36, 38, 71] - 862.4466419099999
[56, 38, 90, 71] - 860.5859395200008
[56, 36, 71, 94, 97] - 797.046528636501
[56, 90, 71, 94, 97] - 792.7924510132987
[56, 36, 90, 71, 97] - 796.7986939418994
[56, 36, 90, 71, 94] - 797.0368260692978
[56, 67, 41, 97] - 755.1793215499993
[56, 67, 94, 41] - 756.5965723099996
[56, 67, 36, 41] - 757.5525385900017
[56, 67, 90, 41] - 756.9020806500007
[56, 67, 38, 97] - 859.7631887199992
[56, 67, 38, 94] - 858.3935227100003
[56, 67, 36, 38] - 862.5645554399987
[56, 67, 38, 90] - 861.0304805300009
[56, 67, 36, 94, 97] - 789.6430198553005
[56, 67, 90, 94, 97] - 790.1165466108997
[56, 67, 36, 90, 97] - 790.8569674754006
[56, 67, 36, 90, 94] - 791.8054342046997
[56, 38, 41] - 850.4341610000016
[56, 36, 94, 41, 97] - 723.1550885010993
[56, 90, 94, 41, 97] - 718.9133533247009
[56, 36, 90, 41, 97] - 719.9585967349976
[56, 36, 90, 94, 41] - 720.945497960999
[56, 36, 38, 94, 97] - 887.1964968730009
[56, 38, 90, 94, 97] - 882.3019191591
[56, 36, 38, 90, 97] - 888.1219776886022
[56, 36, 38, 90, 94] - 886.3087595829988
[56, 36, 90, 94, 97] - 1156.3640393047042
[24, 71, 97] - 798.092285999998
[24, 71, 94] - 766.7162000000001
[24, 36, 71] - 769.3996729999991
[24, 90, 71] - 854.9214670000015
[67, 24, 97] - 828.2347420000016
[67, 24, 94] - 797.5679850000006
[67, 24, 36] - 797.4245169999989
[67, 24, 90] - 888.1779990000003
[24, 94, 41, 97] - 733.7682319099993
[24, 36, 41, 97] - 726.6085049600007
[24, 90, 41, 97] - 790.5165372999999
[24, 36, 94, 41] - 831.9748089100002
[24, 90, 94, 41] - 843.170883220001
[24, 36, 90, 41] - 829.6741066699997
[24, 36, 38, 94, 97] - 777.3534442150004
[24, 38, 90, 94, 97] - 778.6685548059007
[24, 36, 38, 90, 97] - 778.9476359870995
[24, 36, 38, 90, 94] - 786.9245325493999
[24, 36, 90, 94, 97] - 1066.9958359149018
[67, 38, 71, 41] - 896.5429870100019
[67, 71, 41, 97] - 883.5967350100008
[67, 36, 71, 94, 41] - 704.2653916531999
[67, 90, 71, 94, 41] - 700.1103001115995
[67, 36, 90, 71, 41] - 710.4266291562991
[67, 38, 71, 94, 97] - 749.511459821601
[67, 36, 38, 71, 97] - 758.9581224975985
[67, 38, 90, 71, 97] - 804.8508945184999
[67, 36, 38, 71, 94] - 822.1357829498016
[67, 38, 90, 71, 94] - 819.1444419820995
[67, 36, 38, 90, 71] - 832.6979090836024
[67, 36, 71, 94, 97] - 867.3350142327987
[67, 90, 71, 94, 97] - 866.3595953304012
[67, 36, 90, 71, 97] - 877.6636270198994
[67, 36, 90, 71, 94] - 958.0669011477992
[38, 71, 41, 97] - 821.378749270001
[38, 71, 94, 41] - 846.2486198200004
[36, 38, 71, 41] - 858.2064990000008
[38, 90, 71, 41] - 915.1397472000007
[36, 71, 94, 41, 97] - 692.3532443570016
[90, 71, 94, 41, 97] - 685.7908094925006
[36, 90, 71, 41, 97] - 693.2659624179001
[36, 90, 71, 94, 41] - 795.9029545881986
[36, 38, 71, 94, 97] - 873.1572036015037
[38, 90, 71, 94, 97] - 869.6807252746017
[36, 38, 90, 71, 97] - 880.5593340694006
[36, 38, 90, 71, 94] - 943.0727153448015
[36, 90, 71, 94, 97] - 1056.0303834136014
[67, 38, 41, 97] - 879.992998240001
[67, 36, 38, 94, 41] - 687.0186802835985
[67, 38, 90, 94, 41] - 682.8295194348985
[67, 36, 38, 90, 41] - 691.7587099278004
[67, 36, 94, 41, 97] - 733.4713993293018
[67, 90, 94, 41, 97] - 732.2288325290021
[67, 36, 90, 41, 97] - 736.1807583844004
[67, 36, 90, 94, 41] - 841.5068848457998
[67, 36, 38, 90, 94, 97] - 697.611437390812
[36, 38, 90, 94, 41, 97] - 711.9453735611913
