Total itemsets found: 243
Elapsed time: 1352ms
[13] - 1287.7099999999969
[23] - 1375.3000000000036
[19] - 1470.5800000000004
[50] - 1473.7400000000016
[68] - 1481.2200000000014
[70] - 1511.1099999999988
[15] - 1517.2200000000012
[11] - 1594.2500000000016
[27] - 1642.0000000000048
[38] - 1651.8799999999976
[54] - 1652.6299999999994
[21] - 1666.7099999999987
[66, 72] - 1321.0011999999965
[60, 72] - 1310.6580999999992
[72, 52] - 1316.7232999999987
[29, 72] - 1318.9381999999976
[58, 72] - 1319.2373000000011
[72, 40] - 1327.6290000000006
[56, 74] - 1320.3553000000036
[34, 74] - 1282.0886000000012
[62, 74] - 1326.5363999999986
[7, 74] - 1310.3214000000019
[36, 74] - 1307.9750000000006
[60, 74] - 1329.775100000001
[52, 74] - 1353.041
[29, 74] - 1356.3576000000019
[58, 74] - 1359.797099999996
[40, 74] - 1360.1072000000013
[17, 9] - 1282.3786999999975
[48, 17] - 1311.4256999999943
[56, 17] - 1326.9431999999993
[34, 17] - 1324.8996000000004
[66, 17] - 1322.1990000000003
[17, 62] - 1329.8272999999997
[17, 7] - 1360.5709999999988
[36, 17] - 1350.3975999999986
[17, 60] - 1375.4479999999992
[17, 52] - 1394.8578999999993
[17, 29] - 1401.340199999999
[58, 17] - 1403.8016000000005
[17, 40] - 1406.3871999999983
[3, 31] - 1325.1766000000005
[5, 31] - 1328.194
[48, 31] - 1324.3000999999983
[56, 31] - 1330.9018999999994
[34, 31] - 1338.2336999999984
[66, 31] - 1362.4914999999987
[62, 31] - 1355.6827000000005
[7, 31] - 1377.1574000000007
[36, 31] - 1373.6667000000004
[60, 31] - 1403.8823999999993
[52, 31] - 1411.6508999999976
[29, 31] - 1416.5202000000015
[58, 31] - 1417.7567000000008
[40, 31] - 1428.308399999997
[46, 25] - 1296.2467000000004
[46, 5] - 1328.9847999999988
[46, 48] - 1340.2374999999984
[56, 46] - 1351.8391999999994
[34, 46] - 1354.793300000002
[66, 46] - 1358.5286000000008
[46, 62] - 1377.6956999999973
[46, 7] - 1368.896100000001
[46, 36] - 1379.0211999999992
[46, 60] - 1399.8258999999991
[46, 52] - 1429.518899999999
[46, 29] - 1425.1381999999992
[46, 58] - 1429.4523
[46, 40] - 1436.4152999999985
[44, 25] - 1328.5401000000008
[44, 9] - 1320.398099999997
[44, 5] - 1376.1948000000004
[44, 48] - 1363.1874999999984
[44, 56] - 1386.3882000000003
[44, 34] - 1384.2909999999977
[66, 44] - 1380.8489999999995
[44, 62] - 1421.563399999999
[44, 7] - 1408.4096999999997
[44, 36] - 1410.728000000003
[44, 60] - 1434.522599999998
[44, 52] - 1459.1201999999992
[44, 29] - 1463.9871000000003
[44, 58] - 1468.403000000001
[44, 40] - 1463.895399999998
[42, 64] - 1399.1935000000008
[3, 64] - 1328.1498
[25, 64] - 1319.3546000000003
[9, 64] - 1335.877799999999
[5, 64] - 1399.0318000000018
[48, 64] - 1391.0166999999985
[56, 64] - 1401.4891000000014
[34, 64] - 1417.326899999998
[66, 64] - 1406.9954999999982
[62, 64] - 1425.8045000000025
[7, 64] - 1424.079299999998
[36, 64] - 1432.3539000000017
[60, 64] - 1452.7128000000005
[52, 64] - 1476.7578000000024
[29, 64] - 1475.6518000000026
[58, 64] - 1480.6358999999982
[40, 64] - 1497.1484999999982
[3, 42] - 1362.667700000002
[25, 42] - 1368.2217000000003
[9, 42] - 1381.3051000000003
[5, 42] - 1445.493799999999
[48, 42] - 1440.7305999999987
[56, 42] - 1448.2941000000017
[34, 42] - 1461.4169999999954
[66, 42] - 1473.0247000000004
[62, 42] - 1468.2529
[7, 42] - 1473.2087000000015
[36, 42] - 1476.8289999999956
[60, 42] - 1506.0049
[52, 42] - 1524.4432000000002
[29, 42] - 1533.8605999999993
[58, 42] - 1532.2266000000031
[40, 42] - 1537.5840000000023
[25, 3] - 1416.7821000000013
[3, 9] - 1446.7160000000022
[3, 5] - 1481.0109000000014
[3, 48] - 1494.4700000000012
[56, 3] - 1518.7786000000015
[34, 3] - 1507.8442000000045
[66, 3] - 1516.9811000000009
[3, 62] - 1528.4399999999973
[3, 7] - 1557.2504000000022
[36, 3] - 1538.8954000000028
[3, 60] - 1567.7305000000024
[3, 52] - 1587.3759999999952
[3, 29] - 1600.8579000000009
[58, 3] - 1593.0109999999995
[3, 40] - 1594.155999999998
[25, 9] - 1438.097899999997
[25, 5] - 1495.1144999999967
[25, 48] - 1549.6290000000008
[56, 25] - 1520.0755999999988
[34, 25] - 1523.0328999999963
[66, 25] - 1538.0826999999965
[25, 62] - 1552.247199999998
[25, 7] - 1554.1497000000018
[36, 25] - 1575.217
[25, 60] - 1592.9379
[25, 52] - 1610.7611000000006
[25, 29] - 1614.5412000000022
[58, 25] - 1615.503300000001
[25, 40] - 1614.5729999999949
[5, 9] - 1505.893299999997
[48, 9] - 1511.2362999999984
[56, 9] - 1550.682699999998
[34, 9] - 1539.2552999999941
[66, 9] - 1525.2719999999995
[9, 62] - 1553.4431999999993
[7, 9] - 1551.3731000000025
[36, 9] - 1556.4267000000023
[9, 60] - 1588.0796999999998
[9, 52] - 1607.7301999999988
[29, 9] - 1617.331999999996
[58, 9] - 1616.986699999999
[9, 40] - 1617.9262000000003
[48, 5] - 1557.1548999999998
[56, 5] - 1569.0890000000002
[34, 5] - 1616.2951999999973
[66, 5] - 1589.1531999999988
[5, 62] - 1606.3027
[5, 7] - 1609.0744999999997
[36, 5] - 1607.1389000000024
[5, 60] - 1633.0564000000034
[5, 52] - 1657.551600000004
[5, 29] - 1667.0222999999996
[58, 5] - 1664.7376000000004
[5, 40] - 1670.516200000002
[56, 48] - 1585.8243999999963
[34, 48] - 1593.6155000000022
[66, 48] - 1612.2610000000013
[48, 62] - 1612.4467999999972
[48, 7] - 1624.6174999999976
[36, 48] - 1669.4932999999999
[48, 60] - 1666.3241999999973
[48, 52] - 1682.653000000001
[48, 29] - 1684.7647999999974
[58, 48] - 1689.3009999999958
[48, 40] - 1691.1628000000003
[34, 56] - 1611.3998000000056
[66, 56] - 1598.8262999999988
[56, 62] - 1641.6385999999977
[56, 7] - 1638.446500000001
[56, 36] - 1633.8378000000016
[56, 60] - 1662.3064000000006
[56, 52] - 1690.5063999999988
[56, 29] - 1693.5148999999983
[56, 58] - 1696.0041
[56, 40] - 1696.0808000000004
[66, 34] - 1612.244600000001
[34, 62] - 1632.2950000000008
[34, 7] - 1642.3081999999972
[34, 36] - 1639.2952000000034
[34, 60] - 1667.1664999999982
[34, 52] - 1691.8480000000006
[34, 29, 40] - 1279.563696000002
[34, 58] - 1698.3450999999995
[66, 62] - 1629.7466999999976
[66, 7] - 1639.7626999999998
[66, 36] - 1639.1287999999931
[66, 60] - 1688.5084999999983
[66, 52] - 1692.674900000002
[66, 29] - 1698.794700000001
[66, 58] - 1700.8144000000002
[66, 40] - 1702.9416999999994
[7, 62] - 1656.620699999997
[36, 62] - 1661.9882000000036
[60, 62] - 1690.6795000000004
[29, 62, 52] - 1282.8859570000034
[58, 62, 52] - 1282.466182999999
[40, 62, 52] - 1290.160624000002
[58, 29, 62] - 1293.3863149999993
[29, 40, 62] - 1298.9440439999998
[58, 40, 62] - 1300.426755999997
[36, 7] - 1671.713800000002
[7, 60] - 1698.5291000000002
[29, 7, 52] - 1292.7339980000024
[58, 7, 52] - 1290.9379410000004
[7, 40, 52] - 1295.4432980000029
[58, 7, 29] - 1296.9379090000002
[7, 29, 40] - 1300.9555319999988
[58, 7, 40] - 1301.3540449999987
[58, 36, 60] - 1278.8439609999982
[36, 60, 40] - 1278.509848000001
[36, 29, 52] - 1288.8966429999982
[58, 36, 52] - 1292.8214960000007
[36, 40, 52] - 1293.6835670000028
[58, 36, 29] - 1299.265446000003
[36, 29, 40] - 1299.5716749999995
[36, 58, 40] - 1305.6297090000003
[29, 60, 52] - 1312.9506969999995
[58, 60, 52] - 1313.2146330000028
[60, 40, 52] - 1317.7738009999991
[58, 29, 60] - 1318.9703340000026
[29, 60, 40] - 1321.5478639999992
[58, 60, 40] - 1324.3407430000007
[58, 29, 52] - 1335.449904000002
[29, 40, 52] - 1340.0007200000039
[58, 40, 52] - 1340.6902290000019
[58, 29, 40] - 1348.0984909999995
