Total itemsets found: 2352
Elapsed time: 1801ms
[30315] - 30.62
[18535] - 31.49
[18763] - 31.529999999999998
[48647] - 31.65
[18759] - 31.689999999999994
[12359] - 32.86000000000001
[18519] - 34.01000000000002
[18495] - 34.690000000000005
[18715] - 34.99
[47257] - 35.960000000000015
[47261] - 36.32999999999999
[30319] - 40.75999999999999
[18655] - 42.49999999999999
[18719] - 42.77
[18539] - 42.889999999999986
[18751] - 43.71000000000001
[10837] - 44.07
[51929] - 44.79999999999999
[18571] - 45.15999999999999
[48635] - 45.660000000000004
[51937] - 46.690000000000005
[20803] - 46.72999999999999
[12423] - 47.129999999999995
[18747] - 47.679999999999986
[18567] - 47.739999999999974
[30311] - 47.92999999999999
[47703] - 48.8
[48695] - 49.44999999999999
[18631] - 49.84
[47281] - 51.09
[18647] - 51.279999999999994
[18451] - 51.64
[18775] - 52.079999999999984
[47265] - 52.63
[18471] - 53.79999999999999
[18743] - 54.75999999999999
[18483] - 54.910000000000004
[47285] - 55.449999999999974
[18411] - 56.649999999999984
[18475] - 57.35999999999999
[47269] - 57.55000000000002
[18875] - 57.839999999999996
[18679] - 58.86
[18639] - 59.15
[18807] - 59.94000000000003
[35189] - 60.179999999999986
[18767] - 61.419999999999995
[18731] - 61.980000000000004
[12699] - 62.76000000000001
[18579] - 63.22999999999998
[18555] - 63.68
[18627] - 64.21000000000001
[18663] - 64.63
[18543] - 64.86
[18735] - 65.13000000000001
[54645] - 65.82000000000002
[12503] - 66.69
[18575] - 66.95
[18419] - 67.14999999999999
[10343] - 67.17999999999996
[18819] - 67.91
[12511] - 68.01000000000002
[47695] - 68.17000000000002
[18479] - 68.73
[48643] - 69.14999999999999
[48651] - 69.33000000000001
[18439] - 69.34000000000003
[18427, 18615] - 31.9621
[18619, 18615] - 30.4604
[18559] - 69.49
[35173] - 71.36999999999999
[35197, 35193] - 34.3385
[35197, 35209] - 31.364299999999997
[35205, 35197] - 34.7558
[12415] - 71.56
[18659] - 72.49000000000001
[47293] - 73.13000000000001
[47253] - 73.9
[48691] - 74.16000000000001
[18651] - 75.56000000000002
[47289] - 76.05
[12539] - 76.06999999999998
[48703] - 77.19999999999999
[18755] - 78.86999999999999
[47273] - 78.89000000000001
[10877, 10869] - 38.30739999999999
[12395, 12435] - 31.6921
[12367, 12435] - 31.1695
[12299, 12435] - 30.3316
[12431, 12435] - 32.9695
[18431] - 80.8
[48699] - 80.97
[12375, 12431] - 31.692200000000003
[18811] - 84.72000000000001
[35201, 35193] - 31.389800000000008
[35209, 35193] - 29.886699999999994
[12507] - 86.52999999999999
[35205, 35201] - 30.4835
[10829, 10853] - 39.044
[10849, 10853] - 33.509499999999996
[10857, 10853] - 30.777800000000013
[35205, 35209] - 34.232600000000005
[18583] - 92.26000000000003
[48639] - 94.10000000000007
[18611, 18619] - 35.9804
[18671] - 95.55000000000003
[18595] - 97.90000000000006
[18443] - 98.28999999999999
[12811] - 98.33000000000006
[18551] - 101.39
[12451, 12443] - 30.421499999999995
[12399, 12443] - 31.961699999999993
[12419, 12443] - 39.880800000000015
[12443, 12403] - 31.519800000000004
[12299, 12443] - 37.34129999999999
[12407, 12443] - 33.6481
[12443, 12411] - 29.9684
[12443, 12431] - 37.55070000000001
[54669, 54657] - 33.43690000000001
[54653, 54657] - 36.76199999999998
[54673, 54657] - 40.5729
[48659] - 103.79999999999998
[18795, 18799] - 45.07119999999999
[46285, 46293] - 34.979400000000005
[46289, 46293] - 36.9333
[46293, 46281] - 35.410799999999995
[33465, 46293] - 29.976399999999998
[33469, 46293] - 40.19990000000001
[46293, 33449] - 39.56609999999999
[54673, 54665] - 32.8375
[18703] - 108.78
[20807, 18779] - 30.3072
[18511] - 110.31000000000002
[10845, 10841] - 33.0167
[10845, 10881] - 33.499299999999984
[10877, 10845] - 34.7773
[35157, 35161] - 35.63509999999999
[35165, 35161] - 38.86530000000002
[35153, 35161] - 43.4157
[35149, 35161] - 39.721000000000004
[35169, 35161] - 41.7384
[12859, 12887] - 35.71040000000001
[12859, 12883] - 51.32440000000001
[48679] - 113.86000000000006
[10319] - 114.11000000000003
[46289, 46285] - 36.07889999999999
[46285, 46281] - 38.73409999999999
[33465, 46285] - 30.2132
[33453, 46285] - 33.679399999999994
[33433, 46285] - 30.591399999999997
[33469, 46285] - 48.3683
[46285, 33449] - 46.318000000000005
[54653, 54669] - 36.9839
[54673, 54669] - 45.40450000000002
[12339, 12387] - 76.65410000000001
[32205, 32217] - 30.3591
[32213, 32217] - 34.221199999999996
[12475, 12899] - 36.25230000000001
[12895, 12899] - 31.687699999999992
[12515, 12519] - 51.819700000000005
[48687] - 120.79000000000008
[12799, 12863] - 32.198899999999995
[12891, 12863] - 32.1708
[12871, 12863] - 30.329600000000006
[12867, 12863] - 39.330999999999996
[12795, 12863] - 32.7739
[12827, 12863] - 32.66060000000001
[12895, 12863] - 35.883500000000005
[18635] - 123.19
[18847] - 124.63999999999997
[18599] - 125.51000000000005
[12635] - 126.00999999999999
[12331, 12323] - 31.336699999999997
[47277] - 126.71999999999997
[18883] - 127.43
[54673, 54653] - 43.205199999999984
[33461, 33449] - 30.630599999999994
[18815] - 130.88
[12891, 12799] - 32.60799999999999
[12839, 12799] - 30.089000000000002
[12803, 12799] - 36.83410000000002
[12903, 12799] - 30.419999999999998
[12871, 12799] - 31.513300000000005
[12879, 12799] - 39.776799999999994
[12867, 12799] - 35.496199999999995
[12807, 12799] - 32.051199999999994
[12823, 12799] - 36.949600000000004
[12795, 12799] - 30.9167
[12827, 12799] - 39.29800000000001
[12799, 12831] - 35.034899999999986
[12695, 12799] - 32.77719999999999
[12895, 12799] - 43.86820000000001
[18695] - 135.39
[18459, 18427] - 35.191700000000004
[18619, 18459] - 30.214799999999997
[18523] - 137.20999999999998
[52973, 33449] - 43.1879
[33457, 33445] - 31.223199999999995
[33445, 33441] - 42.1409
[33445, 33465] - 35.5019
[33445, 33437] - 39.4774
[33445, 33429] - 43.728100000000005
[33445, 34901] - 34.30660000000001
[33445, 33453] - 36.729
[33445, 34905] - 30.056600000000003
[33433, 33445] - 40.477900000000005
[33445, 34893] - 30.934100000000008
[33445, 33449] - 44.749
[12531, 12535] - 30.2818
[12527, 12535] - 36.68509999999999
[48683] - 140.23000000000005
[48711, 48707] - 30.889299999999984
[48667, 48655] - 39.6441
[48655, 48675] - 30.708999999999993
[12351, 12355] - 49.36230000000002
[46289, 46281] - 40.481500000000004
[33465, 46289] - 31.729100000000006
[46289, 33437] - 32.869400000000006
[33453, 46289] - 34.3536
[33433, 46289] - 36.96900000000001
[33469, 46289, 33449] - 33.15603600000001
[47965, 47961] - 37.79980000000001
[47961, 47949] - 33.5586
[47953, 47961] - 61.340999999999994
[47961, 47957] - 49.65019999999999
[47687, 48575] - 44.70129999999999
[18563] - 147.49999999999991
[48667, 48663, 48671] - 40.42112300000001
[48675, 48671] - 48.66419999999999
[12647, 12651] - 69.815
[12651, 12655] - 30.688399999999998
[33457, 33441] - 42.68249999999999
[33457, 33453, 33465] - 32.94895000000002
[33457, 33433, 33465] - 36.327834
[33457, 33465, 33449] - 30.116660999999997
[33457, 33437] - 40.41799999999999
[33457, 33429] - 37.616200000000006
[33457, 34901] - 35.72679999999999
[33457, 33433, 33453] - 39.56827599999999
[33457, 34905] - 34.90999999999999
[33457, 34889] - 36.5094
[33457, 33433, 33449] - 29.996838000000015
[33457, 33469] - 37.8142
[33441, 46281] - 31.739599999999985
[33465, 46281] - 39.5209
[33437, 46281] - 37.321899999999985
[33429, 46281] - 31.4731
[33453, 46281] - 37.0508
[33433, 46281] - 40.813800000000015
[33469, 33449, 46281] - 30.371886000000003
[12471, 12475] - 40.4145
[12487, 12475] - 30.272500000000008
[12327, 12335] - 34.2116
[12355, 12335] - 33.1337
[18643] - 153.88000000000002
[18507] - 154.19
[10833, 10829] - 31.866299999999995
[10849, 10829] - 40.575799999999994
[10857, 10829] - 31.674499999999995
[10829, 10861] - 30.8092
[12355, 10829] - 39.812599999999996
[10829, 12831] - 31.339399999999998
[12483, 10829] - 30.3476
[12487, 10829] - 30.819299999999995
[10877, 12331] - 33.716300000000004
[12427] - 157.75000000000003
[12839, 12851] - 42.2684
[12851, 12855] - 32.728899999999996
[12847, 12851] - 35.38330000000001
[12851, 12467] - 32.33889999999999
[12883, 12851] - 31.205500000000004
[12835, 12851] - 47.26629999999999
[12807, 12851] - 33.68339999999999
[12823, 12851] - 31.021300000000007
[12895, 12851] - 30.0612
[18683] - 159.50000000000009
[35169, 35157, 35165] - 31.014688000000007
[35169, 35157, 35153] - 35.189018999999995
[35157, 35177] - 34.05810000000002
[35149, 35157] - 47.04759999999999
[35157, 35181] - 34.2613
[35157, 35185] - 33.680499999999995
[12803, 12891] - 33.1211
[12891, 12871] - 30.2821
[12867, 12891] - 35.30679999999999
[12807, 12891] - 30.69429999999999
[12891, 12683] - 30.773299999999995
[12891, 12795] - 39.3621
[12891, 12691] - 29.838999999999995
[12891, 12827] - 33.6438
[12891, 12831] - 30.72
[12891, 12895] - 55.957800000000006
[12595] - 162.23999999999992
[18487] - 163.71999999999994
[18727] - 168.07000000000005
[18587] - 168.35999999999999
[18603] - 169.5000000000001
[12583, 12579] - 29.94950000000001
[12587] - 170.92000000000002
[12471, 12887] - 35.2895
[12491, 12471] - 32.007099999999994
[12471, 12883] - 38.9257
[12659, 12471] - 36.83949999999999
[12483, 12471] - 30.62270000000001
[12471, 12487] - 33.88119999999999
[18675] - 173.0199999999999
[10327, 10291] - 37.49079999999999
[10327, 10299] - 32.773199999999996
[10327, 12695] - 34.013999999999996
[10327, 10295] - 48.01770000000002
[10327, 10307] - 48.038
[10327, 33449] - 45.74230000000001
[18619, 18447] - 37.0063
[35169, 35165, 35153] - 37.17006900000002
[35177, 35165] - 32.62050000000001
[35149, 35165] - 46.0499
[35165, 35181] - 34.780499999999996
[35165, 35185] - 44.02749999999998
[32221, 32197] - 32.068799999999996
[32221, 32209] - 30.332900000000006
[32201, 32221] - 38.187999999999995
[32221, 32205] - 51.13039999999998
[32213, 32221] - 40.16439999999999
[54673, 54661] - 37.324999999999996
[54673, 10315] - 30.74920000000001
[35177, 35153] - 36.72579999999999
[35149, 35153] - 46.95829999999999
[35153, 35181] - 35.4917
[35153, 35185] - 33.40679999999999
[12615, 12611] - 46.659199999999984
[12615, 12755] - 31.830500000000004
[12615, 12771] - 30.140599999999996
[12395, 12371] - 37.395500000000006
[12371, 12399] - 30.916000000000007
[12419, 12371] - 42.27159999999999
[12371, 12367] - 40.84510000000001
[12371, 12447] - 30.138799999999993
[12371, 12403] - 31.733999999999995
[12371, 12299] - 37.67790000000001
[12371, 12411] - 33.5707
[12371, 12355] - 34.3898
[12371, 12431] - 31.089700000000004
[12559, 12563] - 62.52760000000003
[54661, 32213] - 39.70889999999999
[54661, 12703] - 32.358799999999995
[54661, 12487] - 40.1982
[54661, 10311] - 35.40209999999999
[34909, 34917] - 51.565300000000015
[34917, 34925] - 44.274600000000014
[34917, 34913] - 46.486299999999986
[34929, 34917] - 52.39919999999997
[34921, 34917] - 48.175200000000004
[12355, 34917] - 35.71220000000001
[34909, 34925] - 33.71340000000001
[34909, 34913] - 46.77590000000001
[34909, 34929] - 36.770699999999984
[34921, 34909] - 32.929100000000005
[35169, 35177] - 38.497200000000014
[35177, 35181] - 56.44969999999998
[35177, 35185] - 49.03639999999999
[33465, 33441, 33437] - 32.520708000000006
[33453, 33465, 33441] - 29.870479999999993
[33433, 33465, 33441] - 32.17612200000001
[33465, 33441, 33449] - 30.507054999999998
[33441, 33429, 33437] - 31.80544
[33453, 33441, 33437] - 30.260462
[33433, 33441, 33437] - 30.994901
[33441, 33437, 33449] - 32.76805000000001
[33425, 33441] - 31.871800000000007
[33441, 33429, 33449] - 30.925037
[33441, 34901] - 42.21669999999999
[33433, 33453, 33441] - 31.245960999999994
[33453, 33441, 33449] - 31.80099999999999
[34897, 33441] - 31.708800000000007
[33441, 34905] - 40.590900000000005
[33441, 34889] - 37.31260000000001
[33441, 12683] - 31.87419999999999
[33433, 33441, 33449] - 31.238085
[34885, 33441] - 31.91390000000001
[33441, 12695] - 34.87079999999999
[33469, 33441] - 46.4845
[33441, 12895] - 33.25940000000001
[12839, 12531] - 31.302100000000006
[12839, 12523] - 32.1395
[12847, 12839] - 30.502199999999995
[12839, 12467] - 33.7482
[12867, 12839] - 35.0357
[12839, 12883] - 31.8646
[12835, 12839] - 58.70820000000001
[12839, 12795] - 30.187
[12827, 12839] - 32.4983
[12839, 12895] - 35.280699999999996
[18499] - 193.92999999999992
[12647, 12643] - 57.45970000000001
[12667, 12643] - 42.2505
[12643, 12655] - 31.2368
[12659, 12643] - 43.79409999999999
[33469, 12643] - 32.4118
[12343, 34925] - 32.248599999999996
[12355, 12343] - 51.414599999999986
[12591] - 202.49000000000015
[35149, 35169] - 48.87720000000002
[35149, 35181] - 36.50620000000001
[12803, 12531] - 37.32899999999999
[12803, 12523] - 41.14570000000002
[12803, 12527] - 34.04559999999999
[12803, 12867] - 49.99210000000001
[12803, 12807] - 35.0179
[12803, 12823] - 45.75119999999999
[12803, 12687] - 41.4538
[12803, 34905] - 30.2403
[12803, 12683] - 37.52169999999999
[12803, 12795] - 47.582899999999995
[12803, 12691] - 37.12299999999999
[12803, 12827] - 35.82099999999999
[12803, 12819] - 39.55570000000001
[12803, 12831] - 54.624
[12803, 12695] - 31.2309
[12803, 12679] - 33.622800000000005
[12803, 12895] - 47.4722
[12803, 33449] - 31.538200000000007
[35169, 35181] - 36.94359999999999
[35169, 35185] - 34.806599999999996
[35169, 12355] - 30.8916
[12355, 12347] - 62.509
[48667, 48675, 48663] - 44.875072000000024
[34925, 34913] - 36.20900000000001
[34921, 34929, 34925] - 35.460977
[12355, 34925] - 43.471599999999995
[32197, 10303] - 35.96990000000001
[32197, 32209, 32205] - 31.038265000000006
[32201, 32197, 32205] - 36.87193499999999
[32213, 32197] - 34.94399999999999
[10307, 32197] - 34.873000000000005
[10315, 32197] - 32.2578
[35185, 35181] - 54.080600000000004
[12355, 35181] - 34.4754
[12627, 12631] - 59.15310000000001
[12691, 12631] - 31.3384
[12631, 12621] - 29.838099999999997
[10307, 12631] - 30.3279
[34929, 34913] - 47.9996
[34921, 34913] - 39.60359999999999
[12355, 34913] - 31.716800000000006
[12395, 12399] - 39.78259999999999
[12419, 12395] - 35.5996
[12395, 12367] - 72.39600000000003
[12395, 12403] - 51.26729999999997
[12395, 12299] - 46.4827
[12395, 12411] - 38.70870000000001
[12395, 12355] - 34.64260000000001
[12395, 12431] - 56.6183
[12439] - 219.86999999999998
[10865, 10857, 10861] - 47.637282000000006
[10865, 10303] - 39.0364
[10865, 12695] - 30.2476
[10865, 12483] - 33.3967
[10865, 12487] - 32.62319999999999
[10865, 12895] - 30.139000000000003
[12339, 12327] - 33.255199999999995
[10877, 12327] - 32.919599999999996
[12671, 12663, 12667] - 43.502596000000004
[33453, 33465, 33437] - 33.866457000000004
[33433, 33465, 33437] - 35.55062799999999
[33465, 33437, 33449] - 35.371573999999995
[33425, 33465] - 34.4963
[12527, 33465] - 32.60969999999999
[33433, 33465, 33429] - 32.90214400000001
[33465, 33429, 33449] - 31.135909999999996
[33465, 34901] - 41.8735
[33433, 33453, 33465] - 53.296755999999995
[33469, 33453, 33465] - 35.02906699999998
[33453, 33465, 33449] - 38.648454999999984
[34897, 33465] - 33.06229999999999
[33465, 12687] - 31.5469
[33465, 34905] - 41.451599999999985
[33465, 34889] - 40.91989999999999
[33465, 12683] - 39.09389999999999
[33469, 33433, 33465] - 48.348284000000014
[33433, 33465, 33449] - 51.11345400000001
[33465, 12795] - 31.5858
[34885, 33465] - 36.30249999999998
[33465, 12691] - 39.284299999999995
[33465, 12831] - 34.0305
[33465, 12695] - 41.64229999999999
[33465, 12679] - 30.105900000000002
[10307, 33465] - 34.4002
[33469, 33465, 33449] - 41.67507699999999
[33465, 12895] - 31.4296
[18527] - 225.96000000000004
[12883, 12887] - 57.74430000000002
[10833, 10849] - 37.192299999999996
[10833, 12675] - 35.05309999999999
[10877, 10833] - 38.14899999999999
[12451, 12399] - 31.894099999999998
[12451, 12447] - 57.7598
[12451, 12403] - 38.43619999999999
[12407, 12451] - 40.66330000000001
[12451, 12411] - 40.23520000000002
[12451, 12355] - 31.703500000000005
[12451, 12431] - 30.0576
[10857, 10849] - 38.6784
[10849, 10861] - 44.30780000000001
[10849, 12463] - 34.36110000000001
[10849, 12355] - 30.731700000000004
[10849, 12487] - 32.5688
[10849, 12895] - 32.3533
[12355, 34929] - 38.328599999999994
[18723] - 236.74999999999994
[12419, 12399] - 36.87820000000001
[12399, 12367] - 43.776900000000005
[12399, 12447] - 34.28599999999998
[12399, 12403] - 57.99700000000002
[12299, 12399] - 51.31680000000002
[12407, 12399] - 43.21109999999999
[12399, 12411] - 67.10279999999999
[12399, 12431] - 37.926700000000004
[47965, 47949] - 46.85550000000002
[47953, 47965, 47957] - 31.801752000000015
[47945, 47965] - 38.25319999999999
[12419, 12367] - 56.26700000000001
[12419, 12447] - 32.184200000000004
[12419, 12403] - 37.7205
[12419, 12299] - 60.280699999999996
[12407, 12419] - 40.097500000000004
[12419, 12411] - 38.8091
[12419, 12431] - 43.55960000000001
[10881, 10841] - 63.19010000000001
[10877, 10841] - 54.46389999999998
[18855, 18427] - 31.574599999999997
[18619, 18855] - 32.0352
[47973, 47949] - 57.49360000000002
[47953, 47973] - 39.12830000000001
[47945, 47973] - 116.78190000000005
[34921, 34901] - 33.082899999999995
[34921, 34889] - 30.894800000000007
[34921, 12355] - 40.857000000000006
[34921, 34893] - 30.208300000000005
[12531, 12459] - 39.54960000000001
[12491, 12459] - 62.35610000000003
[12459, 12523] - 35.111399999999996
[12527, 12459] - 35.376699999999985
[12459, 12467] - 56.0253
[12835, 12459] - 31.064800000000005
[12495, 12459] - 40.74380000000001
[12667, 12459] - 30.396399999999996
[12459, 12687] - 51.78220000000001
[12459, 12479] - 34.520599999999995
[12683, 12459] - 34.95340000000001
[12463, 12459] - 41.64940000000001
[12691, 12459] - 31.03239999999999
[12695, 12459] - 37.071699999999986
[12679, 12459] - 31.764499999999998
[12663, 12459] - 32.04589999999999
[12483, 12459] - 38.538899999999984
[12487, 12459] - 45.11939999999999
[12895, 12459] - 35.30819999999999
[12459, 33449] - 30.896199999999993
[12727, 12731] - 48.9672
[12715, 12731] - 47.338699999999996
[12723, 12731] - 61.9653
[33469, 18423] - 33.898299999999985
[12903, 12871] - 57.1169
[12903, 12843] - 29.944599999999994
[12903, 12879] - 43.112500000000004
[33425, 12903] - 42.44469999999997
[12903, 12855] - 61.5312
[12903, 12807] - 30.874999999999996
[12903, 33429] - 48.65339999999996
[12903, 34885] - 49.78799999999999
[12903, 12691] - 47.83299999999999
[12903, 12827] - 44.92990000000002
[12903, 12831] - 32.96309999999999
[12903, 12875] - 30.832699999999996
[12903, 12695] - 34.434200000000004
[12903, 12679] - 31.874
[12903, 12483] - 30.86999999999999
[12903, 12487] - 30.929600000000004
[12903, 12895] - 54.51599999999998
[12903, 33449] - 48.92929999999997
[18871, 18879] - 30.882199999999994
[35213, 35185] - 30.37910000000001
[12407, 35213] - 49.36
[12607, 12775] - 36.79940000000002
[12603, 12607] - 30.30090000000001
[12607, 12621] - 36.20739999999999
[12871, 12843] - 30.893500000000003
[12879, 12871] - 51.5612
[33425, 12871, 33429] - 31.01737199999999
[12871, 12855] - 54.77340000000005
[12807, 12871] - 30.285600000000002
[12871, 33429, 33449] - 31.00581099999999
[34897, 12871] - 32.049499999999995
[12627, 12871] - 33.9762
[12795, 12871] - 32.8343
[34885, 12871] - 51.62140000000001
[12691, 12871] - 54.1867
[12827, 12895, 12871] - 30.044983000000006
[12871, 12831] - 41.22519999999999
[12871, 12875] - 31.675099999999993
[12695, 12871] - 35.0555
[12871, 12679] - 34.67119999999999
[12719, 12711] - 56.63599999999999
[12715, 12719] - 66.21539999999996
[12719, 12723] - 35.736399999999996
[12367, 12403] - 63.95509999999999
[12299, 12367] - 60.969200000000015
[12407, 12367] - 33.720399999999984
[12411, 12367] - 47.677199999999985
[12355, 12367] - 30.676499999999997
[12367, 12431] - 67.64620000000001
[33425, 33437] - 40.750400000000006
[12531, 33437] - 29.978699999999996
[12527, 33437] - 32.31400000000001
[33433, 33429, 33437] - 30.813594000000005
[33429, 33437, 33449] - 33.765309000000016
[34901, 33437] - 48.120500000000014
[33433, 33453, 33437] - 37.06370999999999
[33469, 33453, 33437] - 30.95377700000001
[33453, 33437, 33449] - 33.694300999999996
[34897, 33437] - 41.5108
[12687, 33437] - 31.628999999999994
[34905, 33437] - 50.255000000000024
[33437, 34889] - 49.456500000000005
[12683, 33437] - 47.44290000000001
[12463, 33437] - 30.926399999999994
[33469, 33433, 33437] - 32.439208
[33433, 33437, 33449] - 39.441088999999984
[12795, 33437] - 33.8166
[34885, 33437] - 42.0531
[12691, 33437] - 41.7864
[12827, 33437] - 30.547100000000004
[33437, 12831] - 36.850899999999996
[34893, 33437] - 33.3487
[12695, 33437, 33449] - 30.348039999999997
[12703, 33437] - 30.020199999999996
[10295, 33437] - 37.15390000000001
[12487, 33437] - 32.64379999999999
[10307, 33437] - 36.3921
[33469, 33437, 33449] - 37.51432999999999
[12895, 33437] - 36.6638
[12403, 12447] - 38.237700000000004
[12299, 12447] - 32.5346
[12407, 12447] - 55.64279999999997
[12411, 12447] - 49.27639999999999
[12355, 12447] - 34.733499999999985
[12431, 12447] - 30.662300000000005
[10877, 10881] - 58.0532
[12879, 12843] - 36.0407
[12843, 12855] - 53.385999999999996
[12835, 12843] - 33.850599999999986
[12691, 12843] - 31.7547
[12827, 12843] - 31.8108
[12663, 12843] - 32.6727
[12895, 12843] - 41.13539999999999
[33425, 12879] - 35.2938
[12879, 12855] - 42.3462
[12879, 12807] - 29.9539
[12879, 33429] - 36.0966
[12823, 12879] - 32.9064
[12879, 12795] - 31.0464
[34885, 12879] - 34.801300000000005
[12879, 12691] - 43.5059
[12879, 12827] - 33.8977
[12879, 12831] - 31.904700000000005
[12879, 12875] - 30.0117
[12879, 12695] - 32.50429999999999
[12879, 12895] - 49.73729999999999
[12879, 33449] - 36.8797
[12735, 12739, 12743] - 32.00995399999999
[12735, 12739, 12763] - 32.411985
[12779, 12735, 12739] - 32.983963
[12759, 12735, 12739] - 32.221451
[10857, 12739] - 31.029800000000005
[12739, 10303] - 30.774599999999996
[12739, 12763, 12743] - 36.974986
[12779, 12739, 12743] - 32.695176
[12759, 12739, 12743] - 31.400157000000007
[12739, 12755] - 32.680299999999995
[12739, 12771] - 45.13880000000002
[12779, 12739, 12763] - 36.99058700000002
[12759, 12739, 12763] - 31.52336199999999
[12759, 12779, 12739] - 31.34185000000001
[12715, 12739] - 39.551100000000005
[10295, 12739] - 41.82480000000001
[10307, 12739] - 37.802099999999975
[10315, 12739] - 37.5905
[12739, 12895] - 34.065200000000004
[12299, 12403] - 49.58969999999999
[12407, 12403] - 35.50920000000001
[12411, 12403] - 65.40540000000001
[12355, 12403] - 31.52570000000001
[12431, 12403] - 40.6446
[33425, 12855] - 49.255500000000005
[33425, 34905, 33429] - 32.708328
[33425, 34885, 33429] - 42.21854099999997
[33425, 12691, 33429] - 33.91694
[33425, 33429, 33449] - 44.31118299999998
[33425, 34901] - 38.139900000000004
[33425, 33453] - 38.85369999999999
[33425, 34897, 34885] - 30.989703000000006
[33425, 12687] - 30.924699999999998
[33425, 34889] - 46.6264
[33425, 12683] - 41.332400000000014
[12627, 33425] - 44.5512
[33425, 33433] - 41.110499999999995
[33425, 12795] - 31.8662
[33425, 34885, 12691] - 29.921015999999998
[33425, 34885, 33449] - 36.143620999999996
[33425, 12691, 33449] - 32.46371299999999
[33425, 12827] - 40.42879999999999
[33425, 12831] - 39.43499999999999
[33425, 34893] - 33.4816
[33425, 12695] - 49.3765
[33425, 12679] - 42.9981
[33425, 12703] - 36.0245
[33425, 10295] - 32.8637
[33425, 12483] - 35.86470000000001
[33425, 12487] - 35.2125
[33469, 33425] - 39.3909
[33425, 12895] - 48.7626
[12407, 12515] - 36.9082
[18547] - 306.59999999999997
[12727, 12767] - 33.5332
[12767, 12611] - 39.446
[12755, 12767] - 62.352400000000024
[12771, 12767] - 52.03049999999999
[12759, 12767] - 30.039299999999997
[12723, 12767] - 32.12020000000001
[12491, 12531] - 44.89350000000002
[12527, 12531, 12523] - 47.007172999999995
[12527, 12691, 12531] - 30.004325000000005
[10291, 12531] - 32.564600000000006
[12847, 12531] - 30.115399999999994
[12531, 12467] - 38.811699999999995
[12835, 12531] - 37.823200000000014
[12495, 12531] - 37.5745
[12531, 12667] - 30.389499999999998
[12807, 12531] - 32.146899999999995
[12823, 12531] - 39.66379999999998
[12531, 34901] - 30.3932
[12531, 12687] - 52.02199999999999
[12531, 10299] - 35.80699999999999
[12531, 34905] - 31.41310000000001
[12531, 34889] - 30.701599999999996
[12531, 12655] - 32.31970000000001
[12531, 12683] - 43.21639999999999
[12531, 12463] - 36.50739999999999
[33433, 12531] - 32.663599999999995
[12795, 12531] - 40.10059999999999
[12827, 12531] - 34.3635
[12819, 12531] - 32.2781
[12531, 12831] - 48.34150000000002
[12531, 12875] - 30.056499999999996
[12531, 12695] - 53.543700000000015
[12531, 12679] - 36.19789999999999
[12663, 12531] - 31.727400000000003
[12703, 12531] - 34.749599999999994
[10295, 12531] - 38.732499999999995
[12483, 12531] - 32.4447
[12487, 12531] - 39.06039999999999
[10307, 12531] - 43.88859999999999
[10315, 12531] - 30.2445
[33469, 12531] - 33.2764
[12531, 12895] - 50.63580000000002
[12531, 33449] - 40.03520000000002
[18831] - 308.42000000000024
[18707] - 308.42999999999984
[12647, 12667, 12655] - 33.934667999999995
[12647, 12479] - 34.4014
[12647, 12683] - 35.07869999999999
[12627, 12647] - 30.818499999999986
[12647, 32205] - 30.831699999999994
[12647, 12691] - 34.44050000000001
[12647, 12659] - 50.77479999999998
[12647, 12827] - 34.9079
[12647, 12819] - 29.854399999999995
[12647, 12831] - 32.314899999999994
[12647, 12695] - 41.83299999999999
[12647, 10295] - 50.84119999999999
[12647, 12483] - 30.941500000000005
[12647, 12487] - 30.522499999999994
[12647, 10311] - 37.4834
[10307, 12647] - 42.26699999999999
[10315, 12647] - 45.0823
[33469, 12647] - 47.888400000000004
[12647, 12895] - 39.26250000000002
[12647, 33449] - 35.36529999999998
[12491, 12855] - 35.5166
[12847, 12855] - 33.315799999999996
[12835, 12855] - 33.170899999999996
[12807, 12855] - 33.4463
[33429, 12855] - 52.69009999999998
[12855, 12687] - 33.237500000000004
[12683, 12855] - 30.90659999999999
[12627, 12855] - 32.4655
[12795, 12855] - 30.257100000000005
[34885, 12855] - 56.55769999999997
[12691, 12855] - 48.904199999999996
[12827, 12855] - 40.29669999999999
[12855, 12831] - 35.73620000000001
[12695, 12855] - 35.58980000000001
[12679, 12855] - 30.827500000000004
[12483, 12855] - 32.14320000000001
[12895, 12855] - 55.38389999999998
[12855, 33449] - 56.44080000000005
[12747, 12775] - 37.60810000000001
[12771, 12775] - 29.821299999999997
[12759, 12775] - 32.059599999999996
[12751, 12775] - 36.463800000000006
[12621, 12775] - 32.192699999999995
[10307, 12775] - 31.450100000000006
[12895, 12775] - 30.190399999999997
[10857, 12735] - 29.96890000000001
[12735, 10303] - 37.978300000000004
[12735, 12763, 12743] - 36.836721
[12779, 12735, 12743] - 31.717920000000007
[12759, 12735, 12743] - 34.53271399999999
[12735, 32209] - 30.681499999999996
[32201, 12735] - 32.1564
[12735, 12755] - 35.56730000000001
[12735, 12771] - 35.81390000000002
[12779, 12735, 12763] - 36.434250999999996
[12759, 12735, 12763] - 45.78952299999999
[12759, 12735, 12779] - 32.97035000000001
[12735, 32205] - 30.054700000000004
[12715, 12735] - 31.8886
[12735, 10295] - 37.95889999999999
[12735, 12487] - 30.180799999999994
[10307, 12735] - 39.7718
[10315, 12735] - 39.9791
[12735, 12895] - 35.5323
[12491, 12523] - 40.8211
[12491, 12527] - 46.90470000000003
[12491, 12467] - 52.21610000000001
[12491, 12835] - 32.9017
[12491, 12495, 12463] - 37.386096
[12491, 12667] - 33.191500000000005
[12491, 12807] - 30.890499999999996
[12491, 12823] - 34.879400000000004
[12491, 33453] - 30.009099999999997
[12491, 12687] - 50.3584
[12491, 34905] - 30.684900000000003
[12491, 12479] - 41.813199999999995
[12491, 34889] - 33.935099999999984
[12491, 12683] - 44.5219
[12491, 12487, 12463] - 31.394556999999992
[12491, 33433] - 31.642600000000005
[12491, 12795] - 34.87819999999999
[12491, 34885] - 34.551899999999996
[12491, 12691] - 44.315
[12491, 12827] - 35.0741
[12491, 12831] - 46.926500000000004
[12491, 12695] - 51.4973
[12491, 12679] - 35.27700000000001
[12491, 12663] - 38.18470000000001
[12491, 12703] - 37.644800000000004
[12491, 10295] - 38.0882
[12491, 12483] - 56.58599999999999
[12491, 10307] - 37.054899999999996
[10315, 12491] - 30.100399999999997
[33469, 12491] - 34.777899999999995
[12491, 12895] - 49.6435
[12491, 33449] - 46.99490000000001
[18619, 18427] - 52.070800000000006
[18863, 18427] - 40.705600000000004
[12467, 12523] - 46.880800000000015
[12867, 12523] - 33.2533
[12835, 12523] - 35.89139999999999
[12495, 12523] - 36.77009999999999
[12667, 12523] - 30.84030000000001
[12807, 12523] - 34.37499999999999
[12823, 12523] - 43.63249999999998
[34901, 12523] - 31.301399999999994
[33453, 12523] - 35.770799999999994
[12687, 12523] - 52.32979999999999
[10299, 12523] - 35.36250000000002
[34905, 12523] - 32.1469
[34889, 12523] - 31.770000000000003
[12655, 12523] - 39.529999999999994
[12683, 12523] - 50.3814
[12463, 12523] - 37.33459999999999
[33433, 12523] - 37.630100000000006
[12795, 12523] - 41.29720000000002
[12691, 12523] - 51.1043
[12827, 12523] - 37.124799999999986
[12819, 12523] - 35.265299999999996
[12831, 12523] - 45.79730000000001
[12875, 12523] - 35.34930000000001
[12695, 12523] - 55.170099999999984
[12679, 12523] - 45.861399999999996
[12663, 12523] - 31.311700000000002
[12703, 12523] - 38.76240000000002
[10295, 12523] - 39.9855
[12483, 12523] - 34.424699999999994
[12487, 12523] - 48.321100000000015
[10307, 12523] - 54.15729999999999
[10315, 12523] - 37.513000000000005
[33469, 12523] - 37.79600000000001
[12895, 12523] - 57.4763
[33449, 12523] - 44.617499999999986
[12779, 12787] - 62.97290000000001
[12783, 12787] - 79.96420000000002
[12621, 12787] - 35.894
[10857, 10303] - 48.68190000000001
[10857, 12743] - 54.28579999999997
[10857, 32209] - 30.7129
[32201, 10857] - 31.583499999999994
[10857, 12763] - 44.93339999999998
[10857, 12683] - 31.375999999999998
[12779, 10857] - 42.1711
[12759, 10857] - 30.1613
[10857, 32205] - 33.88980000000001
[33433, 10857] - 30.8425
[10857, 34885] - 33.58339999999999
[10857, 12691] - 30.982100000000003
[10857, 12827] - 31.951700000000002
[10857, 12831] - 38.73990000000001
[10857, 34893] - 30.473699999999997
[10857, 12695] - 38.367799999999995
[10857, 12621] - 31.365200000000005
[10857, 12703] - 33.62419999999999
[10857, 12483] - 39.883600000000015
[10857, 12487] - 39.8463
[10307, 10857] - 35.62300000000001
[10857, 12895] - 37.914399999999986
[10857, 33449] - 36.86899999999999
[10339, 10331] - 45.653200000000005
[10339, 10335] - 33.2226
[32213, 10339] - 30.91540000000001
[10339, 10295] - 34.1056
[10315, 10339, 12483] - 33.633309
[10339, 12487] - 39.692899999999995
[10339, 10311] - 42.9355
[10307, 10339] - 34.52510000000001
[12807, 12907] - 50.50270000000002
[12823, 12907] - 47.5436
[12907, 12795] - 33.3391
[12819, 12907] - 41.06519999999999
[12907, 12895] - 33.52719999999999
[10291, 12527] - 40.90230000000001
[12847, 12527] - 29.8017
[12527, 12467] - 32.4359
[12835, 12527] - 35.085
[12527, 12495] - 37.364000000000004
[12527, 12807] - 30.015000000000004
[12823, 12527] - 45.1643
[12527, 34901] - 32.73420000000001
[12527, 33453] - 35.561099999999996
[12527, 12691, 12687] - 31.49312499999999
[12527, 10299] - 49.20289999999999
[12527, 34905] - 32.216699999999996
[12527, 34889] - 37.27380000000001
[12527, 12655] - 31.4903
[12527, 12691, 12683] - 33.80159
[12527, 12683, 12695] - 33.467946999999995
[12527, 12895, 12683] - 30.388164999999987
[12627, 12527] - 30.550000000000004
[12527, 12463] - 39.49879999999999
[33433, 12527] - 40.86360000000001
[12527, 12795] - 46.31870000000003
[12527, 12691, 12695] - 31.303135000000005
[12527, 12827] - 38.52949999999998
[12527, 12819] - 42.59370000000001
[12527, 12831] - 51.64210000000002
[12527, 12875] - 32.5191
[12527, 12679] - 44.77689999999998
[12703, 12527] - 43.572299999999984
[10307, 12527, 10295] - 30.023749999999993
[12527, 12483] - 35.9052
[12527, 12487] - 42.0891
[12527, 10311] - 30.414199999999994
[10315, 12527] - 37.731700000000004
[33469, 12527] - 46.40199999999999
[12527, 33449] - 54.0506
[18691] - 348.45999999999975
[10303, 12743] - 48.07599999999997
[10861, 10303] - 52.003
[32209, 10303] - 62.65670000000003
[10303, 12611] - 31.697699999999994
[32201, 10303] - 58.88669999999999
[12755, 10303] - 32.5138
[12763, 10303] - 47.3995
[10299, 10303] - 41.582100000000004
[12779, 10303] - 45.44309999999997
[12759, 10303] - 45.85969999999998
[32205, 10303] - 51.71149999999999
[12695, 10303] - 30.00569999999999
[32213, 10303] - 30.99759999999999
[10307, 10295, 10303] - 30.190137
[12483, 10303] - 30.125699999999995
[12487, 10303] - 32.7727
[10311, 10303] - 44.405600000000014
[10315, 10303] - 48.506400000000006
[12895, 10303] - 32.372299999999996
[10861, 12743] - 44.0387
[32209, 12743] - 32.357199999999985
[32201, 12743] - 30.384699999999995
[12755, 12743] - 39.836200000000005
[12771, 12743] - 40.15989999999999
[12779, 12763, 12743] - 42.641925000000015
[12759, 12763, 12743] - 35.953039999999994
[10295, 12743] - 32.166999999999994
[10307, 12743] - 42.33219999999999
[10315, 12743] - 34.84270000000001
[12895, 12743] - 39.755100000000006
[12547, 12555] - 64.6007
[12551, 12547] - 61.68050000000001
[12559, 12547] - 58.965399999999995
[32209, 10861] - 32.08599999999999
[32201, 10861] - 32.432599999999994
[12763, 10861] - 39.55310000000001
[10861, 12687] - 34.561200000000014
[10861, 34889] - 31.0431
[12683, 10861] - 36.394600000000004
[12779, 10861] - 34.18780000000001
[12759, 10861] - 31.2304
[33433, 10861] - 31.93159999999999
[12691, 10861] - 34.1111
[12827, 10861] - 29.840899999999998
[12355, 10861] - 30.394599999999993
[10861, 12831] - 34.751999999999995
[12695, 10861] - 41.21149999999999
[12679, 10861] - 31.858400000000003
[12703, 10861] - 40.11010000000001
[10295, 10861] - 30.541900000000005
[12483, 10861] - 39.44890000000002
[12487, 10861] - 41.6694
[10307, 10861] - 33.444700000000005
[12895, 10861] - 42.407199999999996
[10861, 33449] - 39.336999999999996
[10291, 12687] - 47.99720000000002
[10291, 10295, 10299] - 30.615261999999998
[10307, 10291, 10299] - 32.641874
[10291, 12683] - 31.84230000000001
[10291, 12691] - 32.63600000000001
[10291, 12827] - 30.271400000000007
[10291, 12831] - 40.7099
[10291, 12695] - 44.320600000000006
[10291, 12679] - 35.82260000000001
[10291, 12663] - 39.15070000000001
[10307, 10291, 10295] - 35.729616000000014
[10291, 10311] - 39.5064
[10315, 10291] - 35.72440000000001
[33469, 10291] - 34.927399999999984
[10291, 12895] - 41.627900000000004
[10291, 33449] - 41.52289999999999
[18863, 20807] - 39.378499999999995
[12847, 12883] - 31.374500000000005
[12847, 12835] - 60.17929999999999
[12847, 12667] - 30.103500000000004
[12847, 12807] - 31.172099999999997
[12847, 12687] - 42.4415
[12847, 12683] - 30.6432
[12847, 12691] - 30.487800000000007
[12847, 12827] - 34.2506
[12847, 12831] - 34.4978
[12847, 12875] - 30.291800000000002
[12847, 12679] - 34.520700000000005
[12847, 12663] - 47.34760000000001
[12847, 12703] - 30.450999999999993
[12847, 12483] - 30.83739999999999
[12847, 12895] - 42.211800000000004
[12551, 12555] - 50.0697
[12555, 12567] - 35.5399
[12559, 12555] - 44.93519999999999
[12883, 12467] - 31.183799999999998
[12835, 12467] - 32.87409999999999
[12495, 12467] - 41.08410000000002
[12807, 12467] - 33.203500000000005
[12687, 12467] - 44.827099999999994
[12683, 12467] - 32.2031
[12463, 12467] - 36.63759999999999
[12679, 12467] - 36.645100000000006
[12663, 12467] - 39.1683
[12703, 12467] - 30.71529999999999
[12483, 12467] - 45.374300000000005
[12487, 12467] - 43.535
[12895, 12467] - 35.0958
[12467, 33449] - 31.019699999999993
[12867, 12835] - 33.758599999999994
[12867, 12807] - 56.290500000000016
[12823, 12867] - 51.250400000000006
[12867, 12683] - 35.520500000000006
[12867, 12463] - 33.918499999999995
[12867, 12795] - 45.94169999999999
[12867, 12691] - 31.791800000000006
[12867, 12827] - 37.83070000000001
[12867, 12831] - 52.90929999999999
[12867, 12875] - 42.2238
[12867, 12695] - 31.008699999999987
[12867, 12487] - 31.3297
[12867, 12895] - 60.80390000000001
[12727, 12711] - 31.206899999999997
[12727, 12755] - 34.03269999999999
[12727, 12771] - 32.13470000000001
[12715, 12727] - 57.841
[12727, 12723] - 119.52489999999996
[32213, 12571, 12575] - 32.9167
[12703, 12571, 12575] - 32.61416500000001
[12571, 12487, 12575] - 34.903757000000006
[12571, 12575, 10311] - 31.762948000000005
[34893, 12575] - 54.738099999999996
[12575, 12875] - 47.9423
[12703, 32213, 12575] - 38.389981
[32213, 12487, 12575] - 37.137766
[32213, 12575, 10311] - 37.507677
[12703, 12487, 12575] - 40.18482999999999
[12703, 12575, 10311] - 40.22380999999999
[12483, 12575] - 54.87679999999998
[12575, 12487, 10311] - 37.615298000000024
[10315, 12575] - 43.695899999999995
[48667, 35185] - 33.54209999999999
[12407, 48667] - 33.87650000000001
[12339, 48667] - 36.859700000000004
[12835, 12883] - 30.7159
[12883, 12675] - 50.28749999999998
[12795, 12883] - 31.49590000000001
[12827, 12883] - 30.011799999999997
[12355, 12883] - 31.4271
[12883, 12895] - 30.702199999999998
[12747, 12755] - 65.4735
[12747, 12771] - 33.711999999999996
[12779, 12747] - 30.947699999999998
[12759, 12747] - 34.4464
[12747, 12783] - 45.792499999999976
[12747, 12751] - 89.19969999999999
[12747, 12621] - 55.4124
[32201, 32209, 32205] - 50.54403200000001
[12763, 32209] - 41.663199999999996
[12779, 32209] - 34.8384
[12759, 32209] - 43.00650000000002
[32213, 32209, 32205] - 31.365100999999996
[12691, 32209] - 30.477000000000004
[32209, 12695] - 39.475899999999996
[32209, 12621] - 30.284199999999995
[12703, 32209] - 33.36759999999999
[10295, 32209] - 50.61709999999999
[12483, 32209] - 33.654500000000006
[12487, 32209] - 32.7312
[32209, 10311] - 41.42130000000001
[10307, 32209] - 68.5324
[10315, 32209] - 57.498900000000006
[33469, 32209] - 36.182399999999994
[12895, 32209] - 45.1979
[32209, 33449] - 39.72849999999999
[47953, 47949, 47957] - 32.531175
[47945, 47949] - 81.45709999999998
[12715, 12711] - 67.1815
[12711, 12723] - 59.11679999999999
[12551, 12567] - 33.77210000000001
[12355, 12551] - 34.9453
[12559, 12551] - 37.30389999999999
[12835, 12667] - 31.418499999999995
[12823, 12835] - 30.244599999999995
[12835, 12687] - 45.137800000000006
[12835, 12795] - 34.286899999999996
[12835, 12691] - 31.722599999999993
[12835, 12827] - 39.739700000000006
[12835, 12831] - 37.1434
[12835, 12875] - 30.746499999999997
[12835, 12679] - 35.15100000000001
[12835, 12663] - 59.3032
[12703, 12835] - 33.3368
[12835, 12483] - 31.94830000000001
[12835, 12487] - 33.06409999999999
[12835, 12895] - 46.96589999999999
[12807, 12495] - 31.134699999999995
[12823, 12495] - 30.4157
[33453, 12495] - 30.8061
[12495, 12687] - 36.85549999999999
[12495, 34905] - 30.93669999999999
[12495, 12479] - 50.05879999999999
[12495, 12683] - 52.58739999999999
[12495, 12487, 12463] - 30.268830999999995
[33433, 12495] - 29.946300000000004
[12495, 12795] - 41.49640000000002
[34885, 12495] - 30.790200000000002
[12495, 12691] - 51.66720000000002
[12495, 12827] - 39.39729999999997
[12495, 12831] - 54.339800000000004
[12495, 12875] - 38.398799999999994
[12495, 12695] - 54.97280000000001
[12495, 12679] - 49.521399999999986
[12703, 12495] - 39.59759999999999
[12495, 10295] - 47.74489999999999
[12483, 12495, 12487] - 33.26048299999999
[12495, 10311] - 38.4051
[10307, 12495] - 51.692800000000005
[10315, 12495] - 51.3895
[33469, 12495] - 37.6759
[12495, 12895] - 59.1052
[12495, 33449] - 49.34189999999998
[47945, 47953] - 65.83380000000001
[12663, 12675] - 46.2685
[12407, 12299] - 50.7917
[12299, 12411] - 48.26160000000001
[12299, 12431] - 51.58070000000001
[12667, 12687] - 44.36929999999998
[12683, 12667] - 31.0771
[12627, 12667] - 35.5942
[12659, 12667] - 43.23629999999999
[12827, 12667] - 36.73390000000001
[12695, 12667] - 30.071400000000008
[12667, 12679] - 33.867499999999986
[12663, 12895, 12667] - 31.572484000000003
[10295, 12667] - 42.36869999999999
[12487, 12667] - 38.0753
[12667, 10311] - 40.56750000000001
[10307, 12667] - 50.593699999999984
[10315, 12667] - 38.18059999999999
[33469, 12667] - 43.04110000000001
[12667, 33449] - 32.2051
[12771, 12755, 12611] - 29.90048
[12603, 12621, 12611] - 32.458424
[12763, 12611] - 33.8784
[12627, 12611] - 30.171
[12779, 12611] - 40.48060000000001
[12759, 12611] - 39.89239999999999
[12723, 12611] - 30.501100000000005
[10295, 12611] - 35.687099999999994
[12483, 12611] - 34.109199999999994
[10311, 12611] - 31.4179
[10307, 12611] - 55.6571
[10315, 12611] - 52.60629999999999
[12895, 12611] - 35.80459999999999
[12823, 12807] - 61.387599999999985
[12807, 12687] - 33.0855
[12807, 12683] - 39.2458
[12807, 12463] - 36.883500000000005
[12807, 12795] - 53.19980000000002
[34885, 12807] - 30.419800000000002
[12807, 12691] - 38.4289
[12807, 12827] - 36.943000000000005
[12807, 12819] - 46.241099999999996
[12807, 12831] - 49.819500000000005
[12807, 12875] - 33.4443
[12807, 12695] - 38.5741
[12807, 12679] - 31.6268
[12703, 12807] - 30.0154
[12483, 12807] - 33.146300000000004
[12807, 12487] - 36.502700000000004
[12807, 12895] - 62.16709999999997
[12807, 33449] - 44.29159999999999
[33429, 34901] - 43.026500000000006
[33433, 33453, 33429] - 32.617306000000006
[33453, 33429, 33449] - 32.113791
[34897, 34885, 33429] - 41.281791000000005
[34897, 33429, 33449] - 34.79147900000002
[33429, 12687] - 34.3005
[34905, 33429, 33449] - 32.224811
[33429, 34889] - 48.47929999999999
[12683, 33429, 33449] - 30.398928999999995
[12627, 33429] - 48.6594
[33433, 33429, 33449] - 39.784355999999995
[12795, 33429] - 34.5818
[34885, 12691, 33429] - 32.907715
[34885, 33429, 33449] - 52.16774300000003
[12691, 33429, 33449] - 39.047283
[12827, 33429] - 39.98580000000001
[33429, 12831] - 38.4172
[34893, 33429] - 48.35069999999999
[33429, 12875] - 31.056799999999992
[12695, 33429, 33449] - 33.22632699999999
[12679, 33429] - 46.43769999999999
[12703, 33429] - 43.469600000000014
[10295, 33429] - 38.415499999999994
[12483, 33429] - 43.724000000000004
[12487, 33429] - 39.966
[10311, 33429] - 31.881900000000005
[10315, 33429] - 37.3001
[33469, 33429, 33449] - 41.24433500000002
[12895, 33429, 33449] - 35.62852500000001
[12407, 48675] - 38.3583
[12823, 12687] - 35.020900000000005
[12823, 34905] - 31.252200000000006
[12823, 34889] - 30.2161
[12823, 12655] - 36.0203
[12823, 12683] - 47.821900000000014
[12823, 12463] - 39.412200000000006
[33433, 12823] - 31.92330000000001
[12823, 12795, 12831] - 32.273906
[12823, 12691] - 59.09899999999999
[12823, 12827] - 42.0275
[12823, 12819] - 74.57140000000001
[12823, 12875] - 33.1504
[12823, 12695] - 46.37530000000001
[12823, 12679] - 38.598600000000005
[12823, 12703] - 39.231300000000005
[12823, 10295] - 42.47149999999999
[12823, 12483] - 38.939600000000006
[12823, 12487] - 43.4102
[10307, 12823] - 43.56069999999999
[33469, 12823] - 32.676
[12823, 12895] - 61.70189999999999
[12823, 33449] - 41.2953
[32201, 12763] - 43.36660000000001
[32201, 10299] - 36.8585
[32201, 12479] - 34.479899999999994
[32201, 12655] - 31.745
[12627, 32201] - 31.698700000000002
[12779, 32201] - 43.2898
[12759, 32201] - 38.06860000000002
[32201, 12695, 32205] - 30.331446999999994
[32201, 32213, 32205] - 62.517349
[32201, 10295, 32205] - 34.48529499999999
[32201, 10311, 32205] - 30.891969999999993
[10307, 32201, 32205] - 32.21701199999999
[10315, 32201, 32205] - 34.041068
[32201, 12895, 32205] - 30.006225999999998
[33433, 32201] - 35.342499999999994
[32201, 12691] - 41.97069999999998
[32201, 12827] - 30.211199999999998
[32201, 12819] - 35.445600000000006
[32201, 12831] - 38.31250000000001
[32201, 12621] - 32.89239999999999
[32201, 12703, 32213] - 31.147685999999993
[32201, 32213, 12487] - 35.397208000000006
[32201, 32213, 10311] - 32.87901899999999
[10315, 32201, 32213] - 31.84012099999999
[10307, 32201, 10295] - 32.96412199999999
[32201, 12483] - 53.15419999999999
[33469, 32201] - 49.693400000000004
[32201, 33449] - 52.8021
[33433, 33453, 34901] - 31.387588000000008
[34897, 34905, 34901] - 36.75243299999999
[34897, 34901, 34889] - 34.652148
[34897, 34885, 34901] - 30.870142999999995
[12687, 34901] - 38.165300000000016
[34905, 34901, 34889] - 60.620317
[33433, 34905, 34901] - 30.79282800000001
[34885, 34905, 34901] - 34.325869000000004
[34905, 34901, 33449] - 32.298295
[33433, 34901, 34889] - 33.847645
[34885, 34901, 34889] - 38.701789
[34893, 34901, 34889] - 29.899354000000002
[34901, 33449, 34889] - 31.994502999999998
[12683, 34901] - 45.9273
[33433, 34901, 33449] - 30.329383999999994
[12795, 34901] - 36.30700000000002
[12691, 34901] - 40.74650000000001
[12827, 34901] - 31.2081
[34901, 12831] - 38.8487
[12695, 34901] - 42.755900000000004
[12679, 34901] - 31.84829999999999
[12483, 34901] - 32.3616
[12487, 34901] - 31.6013
[33469, 34901] - 46.624500000000005
[12895, 34901] - 41.40370000000001
[47945, 47957] - 58.088300000000004
[18863, 47957] - 31.9473
[10877, 47957] - 36.3588
[12621, 47957] - 32.159
[10307, 47957] - 33.01140000000001
[12407, 35185] - 45.75589999999999
[12339, 35185] - 139.33390000000003
[10877, 35185] - 53.887299999999996
[34897, 33453] - 40.5053
[33453, 12687] - 39.29730000000002
[33453, 10299] - 35.44
[33453, 34905, 34889] - 29.805157000000005
[33433, 33453, 34905] - 30.75541500000001
[33433, 33453, 34889] - 33.57130100000001
[33453, 12683, 33449] - 31.312682999999996
[33453, 12463] - 29.841500000000003
[33433, 33453, 12695] - 30.707117000000014
[33433, 33453, 10295] - 29.844932999999997
[10307, 33433, 33453] - 30.270557000000007
[33469, 33433, 33453, 33449] - 40.746501620000004
[33433, 33453, 12895] - 37.476535000000005
[33453, 12795] - 39.061900000000016
[34885, 33453] - 45.58600000000002
[33453, 12691] - 49.07769999999997
[33453, 12827, 12895] - 29.880637999999994
[33453, 12819] - 33.58140000000001
[33453, 12831] - 46.91529999999999
[33453, 34893] - 31.986299999999993
[33453, 12695, 33449] - 29.91844600000001
[33453, 12679] - 45.01350000000001
[12703, 33453] - 47.76820000000001
[12483, 33453] - 33.7556
[33453, 12487] - 39.40439999999998
[33453, 10311] - 37.16869999999999
[10315, 33453] - 32.63549999999999
[33469, 33453, 12895] - 34.55904199999999
[33453, 12895, 33449] - 33.86151799999998
[12763, 12755] - 48.39690000000002
[12779, 12755] - 51.77899999999999
[12759, 12755] - 49.020099999999985
[12751, 12755] - 64.79999999999998
[12715, 12755] - 30.228899999999996
[12755, 12723] - 43.58639999999999
[12755, 12621] - 46.337999999999994
[10295, 12755] - 39.3421
[10307, 12755] - 53.144800000000004
[10315, 12755] - 43.52979999999999
[12895, 12755] - 38.77469999999999
[12759, 12603] - 29.9756
[12603, 12783] - 31.8855
[12603, 12751] - 35.60909999999999
[10307, 12603] - 33.75749999999999
[10315, 12603] - 30.6571
[12763, 12771] - 46.359200000000016
[12779, 12771] - 45.7939
[12759, 12771] - 69.01940000000002
[12751, 12771] - 35.2326
[12771, 12831] - 30.573000000000004
[12715, 12771] - 45.142800000000015
[12771, 12723] - 45.5412
[12771, 12621] - 35.7781
[10295, 12771] - 39.89990000000001
[12483, 12771] - 43.482000000000006
[12487, 12771] - 30.826599999999996
[12771, 10311] - 35.7272
[10307, 12771] - 55.3919
[10315, 12771] - 47.767100000000006
[12895, 12771] - 41.99820000000001
[12571, 32205] - 34.8208
[12571, 34893, 12875] - 30.512559000000003
[32213, 12571, 34893] - 37.787684999999996
[12703, 12571, 34893] - 37.15623899999999
[12571, 34893, 12487] - 41.367520000000006
[32213, 12571, 12875] - 36.65972999999999
[12703, 12571, 12487, 12875] - 31.280862149999983
[12571, 10311, 12875] - 34.068051999999994
[32213, 12703, 12571, 12487] - 35.54056308000002
[32213, 12571, 10311] - 45.70499199999997
[12703, 12571, 12487, 10311] - 35.81021388999999
[12571, 12483, 12487] - 41.06522900000001
[10315, 12571, 12487] - 30.65816200000001
[10307, 12571] - 31.6343
[34897, 12687] - 34.04730000000001
[34897, 34905, 34889] - 37.48077300000001
[34897, 34885, 34905] - 36.69847800000001
[34897, 34885, 34889] - 38.73736699999999
[34897, 12683] - 40.8231
[34897, 32205] - 32.93209999999999
[33433, 34897] - 40.30740000000001
[34897, 12795] - 30.69540000000001
[34897, 34885, 12691] - 30.834794000000002
[34897, 34885, 34893] - 48.937748000000006
[34897, 34885, 12695] - 34.60820799999999
[34897, 34885, 12895] - 37.24383600000001
[34897, 34885, 33449] - 47.43403300000001
[34897, 12827] - 39.5322
[34897, 12831] - 36.659600000000005
[34897, 12703, 34893] - 32.868053999999994
[34897, 34893, 12487] - 31.889387
[34897, 12875] - 38.23769999999999
[34897, 12695, 33449] - 30.619824
[34897, 12679] - 42.18459999999998
[34897, 10295] - 41.29920000000001
[34897, 12483] - 55.137200000000014
[34897, 10311] - 31.219299999999997
[10307, 34897] - 29.848900000000008
[10315, 34897] - 35.4569
[33469, 34897] - 40.182300000000005
[10299, 10331] - 30.779899999999984
[10331, 32205] - 30.361799999999995
[10315, 10331, 10335] - 50.37602000000003
[12695, 10331] - 36.76059999999998
[32213, 10331] - 37.3057
[12703, 10331] - 40.06089999999999
[10307, 10295, 10331] - 33.200759999999995
[10315, 10295, 10331] - 34.394083
[10315, 12483, 10331] - 31.272603000000004
[12487, 10331] - 36.82139999999999
[10315, 10331, 10311] - 32.148729
[33469, 10331] - 44.2376
[12895, 10331] - 59.9937
[10331, 33449] - 62.00810000000001
[12763, 10299] - 32.0588
[12763, 12683] - 31.281999999999996
[12627, 12763] - 35.103699999999996
[12759, 12779, 12763] - 38.227243
[12763, 32205] - 47.55480000000002
[12691, 12763] - 43.19789999999999
[12827, 12763] - 33.36549999999999
[12819, 12763] - 30.028799999999997
[12763, 12831] - 37.609300000000005
[12715, 12763] - 48.643200000000014
[12763, 12695] - 42.42319999999999
[12763, 12621] - 34.1312
[12763, 12679] - 40.82040000000001
[12703, 12763] - 30.512600000000003
[10295, 12763] - 64.30699999999999
[12483, 12763] - 36.22069999999998
[12487, 12763] - 36.462399999999995
[12763, 10311] - 37.8819
[10307, 12763] - 64.4332
[10315, 12763] - 61.76759999999999
[33469, 12763] - 29.992699999999992
[12895, 12763] - 61.57070000000001
[12763, 33449] - 47.26080000000001
[12815, 12687] - 29.930700000000005
[12815, 10307, 10299] - 30.512446999999998
[12815, 12479] - 34.562299999999986
[12815, 12683] - 48.990399999999994
[12759, 12815] - 30.373599999999993
[12815, 32205] - 30.2689
[12815, 33433] - 35.353599999999986
[12815, 12795, 12831] - 33.502123
[12815, 12795, 12895] - 43.20456699999999
[12815, 12691] - 37.1158
[12815, 10295, 12827] - 33.022904999999994
[12815, 10307, 12827] - 36.67121999999999
[12815, 12827, 12895] - 83.97935100000007
[12815, 12819, 12895] - 31.046568000000004
[12815, 12895, 12831] - 37.930723000000015
[12815, 12875] - 34.516000000000005
[12815, 12895, 12695] - 36.38620699999999
[12815, 12895, 12679] - 34.21561899999999
[12815, 12663] - 39.45429999999999
[12815, 12703, 12895] - 35.363817
[12815, 10295, 10311] - 38.492861000000005
[12815, 10307, 10295, 12895] - 35.477740360000006
[10315, 12815, 10295] - 30.300694
[12815, 12483] - 37.68700000000001
[12815, 12487] - 43.483
[12815, 10307, 10311] - 33.71164100000001
[12815, 12895, 10311] - 43.32516000000001
[12815, 10315, 12895] - 40.43468399999998
[12815, 33469, 12895] - 36.78864800000001
[12815, 12895, 33449] - 37.072998
[10299, 12687] - 47.708300000000015
[34905, 12687] - 46.97289999999999
[12687, 12479] - 39.744899999999994
[12687, 34889] - 45.61319999999999
[12691, 12683, 12695, 12687] - 31.116154819999995
[12683, 12687, 12831] - 30.45513599999999
[12683, 12679, 12687] - 37.070800000000006
[12703, 12683, 12687] - 37.074852
[12895, 12683, 12687] - 30.93939800000001
[12627, 12687] - 34.43700000000001
[12779, 12687] - 37.20659999999999
[12463, 12687] - 36.21459999999999
[33433, 12687] - 42.220100000000016
[12795, 12687] - 47.73449999999999
[34885, 12687] - 36.134100000000004
[12691, 12687, 12831] - 31.548672999999997
[12691, 12679, 12687] - 31.091448999999997
[12703, 12691, 12687] - 40.652542
[12827, 12687] - 60.36009999999999
[12819, 12687] - 36.682400000000015
[12695, 12687, 12831] - 30.160209000000005
[34893, 12687] - 34.931
[12687, 12875] - 46.6912
[12703, 12695, 12687] - 42.33873699999999
[12695, 12687, 33449] - 31.898168999999996
[12663, 12687] - 50.514900000000004
[12703, 12487, 12687] - 35.873898000000004
[10295, 12687] - 54.17150000000001
[12483, 12487, 12687] - 31.733004
[10311, 12687] - 56.258600000000015
[10307, 12687] - 64.0469
[10315, 12687] - 54.32460000000003
[33469, 12687, 33449] - 29.803466999999998
[10299, 12479] - 43.022300000000016
[10307, 10299, 12683] - 30.015153999999995
[12627, 10299] - 31.708600000000004
[12779, 10299] - 38.431
[12759, 10299] - 32.12170000000001
[10299, 32205] - 34.465599999999995
[33433, 10299] - 43.874299999999984
[10295, 12795, 10299] - 30.214959999999998
[10307, 12795, 10299] - 33.45961800000001
[12691, 10299] - 51.996500000000005
[10295, 12827, 10299] - 31.544628999999997
[10307, 12827, 10299] - 35.121021999999996
[12827, 12895, 10299] - 30.605387000000004
[10307, 12819, 10299] - 31.925921
[10299, 10335] - 38.0215
[10295, 10299, 12831] - 31.739993999999996
[10307, 10299, 12831] - 37.023488
[10295, 10299, 12695] - 41.729578
[10307, 10299, 12695] - 42.80069100000001
[10299, 12621] - 30.550400000000003
[10307, 10299, 12679] - 30.846442
[12663, 10299] - 40.452400000000004
[12703, 10299, 10311] - 30.867282000000003
[10307, 12703, 10299] - 31.977454
[10307, 10295, 10299, 10311] - 52.63154497
[10315, 10295, 10299, 10311] - 33.86889587000001
[10315, 10307, 10295, 10299] - 41.34742567000001
[10307, 10295, 12895, 10299] - 31.76590508
[33469, 10295, 10299] - 30.579068000000003
[10307, 12483, 10299] - 32.03121599999999
[12487, 10299, 10311] - 31.664393999999998
[10307, 12487, 10299] - 35.847049999999996
[10315, 10307, 10299, 10311] - 35.548708600000005
[12895, 10299, 10311] - 30.169332999999995
[33469, 10307, 10299] - 34.45667899999999
[10307, 10299, 33449] - 31.594636000000005
[33433, 34905, 34889] - 32.14885099999999
[34885, 34905, 34889] - 43.91702200000001
[34905, 33449, 34889] - 37.478603
[12683, 34905] - 48.464400000000005
[12463, 34905] - 33.5733
[33433, 34905, 33449] - 32.355478000000005
[12795, 34905] - 44.743200000000016
[34885, 34905, 33449] - 30.925231
[12691, 34905] - 54.21140000000002
[12827, 34905] - 33.8393
[12819, 34905] - 32.973
[34905, 12831] - 53.17239999999999
[34893, 34905] - 53.6714
[34905, 12695] - 55.08969999999999
[34905, 12679] - 41.77869999999999
[12703, 34905] - 34.7203
[10295, 34905] - 38.5917
[12483, 34905] - 40.5448
[12487, 34905] - 39.245
[10307, 34905] - 38.156099999999995
[33469, 34905, 33449] - 33.250724999999996
[12895, 34905] - 52.09559999999999
[12683, 12479] - 51.83919999999996
[12627, 12479] - 34.13240000000002
[12779, 12479] - 34.59040000000001
[12463, 12479] - 58.65910000000002
[12759, 12479] - 32.41749999999999
[32205, 12479] - 38.851900000000015
[33433, 12479] - 32.141600000000004
[12795, 12479] - 35.14260000000001
[12691, 12479] - 54.913400000000024
[12827, 12479] - 46.077999999999996
[12819, 12479] - 41.31060000000001
[12831, 12479] - 58.51940000000001
[34893, 12479] - 29.915700000000005
[12875, 12479] - 50.67759999999999
[12487, 12695, 12479] - 31.181635999999997
[32213, 12479] - 44.6404
[12679, 12479] - 42.8932
[12703, 12487, 12479] - 36.487758
[12483, 10295, 12479] - 37.591116
[10295, 12487, 12479] - 36.94650000000001
[10295, 10311, 12479] - 36.989594000000004
[10307, 10295, 12479] - 38.12915900000001
[10315, 10295, 12479] - 33.43101800000001
[12483, 12487, 12479] - 81.11342200000001
[12483, 10311, 12479] - 45.788076999999966
[10307, 12483, 12479] - 34.645557999999994
[10315, 12483, 12479] - 41.709083000000014
[12487, 10311, 12479] - 51.22845599999997
[10307, 12487, 12479] - 35.258215
[10315, 12487, 12479] - 41.83361899999999
[12487, 12895, 12479] - 30.175478999999996
[10307, 10311, 12479] - 36.07350600000001
[10315, 10311, 12479] - 34.008947000000006
[33469, 12479] - 42.09640000000002
[33449, 12479] - 58.46339999999999
[18787] - 555.859999999999
[12683, 34889] - 51.887999999999984
[12463, 34889] - 32.75129999999999
[32205, 34889] - 30.0396
[33469, 33433, 34889] - 30.266057
[33433, 33449, 34889] - 31.760256000000005
[12795, 34889] - 47.53090000000002
[34885, 34893, 34889] - 36.43579999999999
[34885, 33449, 34889] - 35.082471999999996
[12691, 34889] - 56.16710000000002
[12827, 34889] - 32.52620000000001
[12819, 34889] - 36.2405
[12831, 34889] - 49.71839999999999
[12695, 34889] - 61.3889
[12679, 34889] - 38.8647
[12703, 34889] - 35.165499999999994
[10295, 34889] - 39.76809999999998
[12483, 34889] - 41.934
[12487, 34889] - 41.09989999999999
[10307, 34889] - 45.70740000000001
[10315, 34889] - 32.560599999999994
[33469, 33449, 34889] - 35.920441999999994
[12895, 34889] - 51.41210000000002
[12407, 12411] - 101.41109999999995
[12407, 12339] - 45.43629999999999
[12407, 12431] - 55.718299999999985
[12627, 12655] - 31.31249999999999
[12463, 12655] - 42.79860000000001
[12795, 12655] - 39.807300000000005
[12691, 12655] - 45.55940000000001
[12659, 12655] - 39.506499999999996
[12819, 12655] - 50.8974
[12831, 12655] - 35.08389999999999
[12695, 12655] - 45.502
[12703, 12655] - 35.7895
[10295, 12655] - 59.490200000000016
[12487, 12655] - 34.566700000000004
[10311, 12655] - 39.397299999999994
[10307, 12655] - 67.8109
[10315, 12655] - 58.975999999999985
[33469, 12655] - 62.030799999999985
[12895, 12655] - 52.186499999999995
[33449, 12655] - 42.823100000000004
[12627, 12683] - 53.35210000000002
[12463, 12683] - 53.419999999999995
[12683, 32205] - 34.207699999999996
[33433, 12683, 33449] - 32.47916099999999
[12795, 12683, 12831] - 33.225999
[12795, 12683, 12695] - 33.309647000000005
[34885, 12683] - 42.79430000000001
[12691, 12683, 12831] - 33.79419299999999
[12691, 12683, 12679] - 39.54465799999999
[12703, 12691, 12683] - 42.28938800000001
[33469, 12691, 12683] - 29.958146999999993
[12691, 12895, 12683] - 33.97118
[12691, 12683, 33449] - 36.08375499999999
[12827, 12683, 12831] - 32.54513300000001
[12827, 12683, 12695] - 31.689501000000007
[12827, 12683, 12679] - 41.37665499999999
[12703, 12827, 12683] - 33.829247
[12827, 12895, 12683] - 43.96493399999999
[12819, 12683] - 47.019000000000005
[12683, 12695, 12831] - 41.318919999999984
[12683, 12679, 12831] - 36.76624799999999
[12703, 12683, 12831] - 33.751309
[12895, 12683, 12831] - 36.25537099999998
[12683, 33449, 12831] - 29.913825999999986
[34893, 12683] - 35.962800000000016
[12703, 12683, 12875] - 30.303602999999992
[12703, 12683, 12695, 12679] - 31.547267700000006
[10295, 12683, 12695] - 41.81508000000003
[12487, 12683, 12695] - 34.746200999999985
[12683, 12695, 10311] - 30.51003900000001
[10307, 12683, 12695] - 38.62779100000001
[10315, 12683, 12695] - 30.474089999999993
[33469, 12683, 12695] - 30.781868000000003
[12895, 12683, 12695] - 45.92566599999999
[12683, 12695, 33449] - 43.527491999999995
[32213, 12683] - 39.69869999999999
[10295, 12683, 12679] - 37.895523000000004
[12683, 10311, 12679] - 29.901401
[10307, 12683, 12679] - 43.281972
[12895, 12683, 12679] - 55.712373
[12683, 12679, 33449] - 38.43865600000001
[12663, 12683] - 51.671900000000015
[12703, 10295, 12683] - 32.42159300000001
[12703, 12483, 12683] - 30.671067999999995
[12703, 12487, 12683] - 41.709883000000005
[12703, 12683, 10311] - 33.638302
[10307, 12703, 12683] - 30.379172
[12703, 12895, 12683] - 44.194677000000006
[12703, 12683, 33449] - 37.879308
[10295, 12683, 10311] - 34.042342
[10307, 10295, 12683] - 51.136743999999986
[10295, 12895, 12683] - 35.64951299999999
[12483, 12487, 12683] - 30.608647000000005
[12487, 12895, 12683] - 30.065495000000013
[10307, 12683, 10311] - 31.38286299999999
[10307, 12895, 12683] - 33.455603
[33469, 12683, 33449] - 42.287752000000005
[12895, 12683, 33449] - 35.545253
[12627, 12779] - 31.1423
[12759, 12627] - 32.010300000000015
[12627, 32205] - 39.87559999999999
[12627, 12795] - 33.132400000000004
[12627, 34885] - 51.20739999999997
[12627, 12691] - 79.07109999999999
[12627, 12827] - 33.7556
[12627, 12819] - 31.411700000000003
[12627, 12831] - 44.241800000000005
[12627, 12695] - 58.2439
[12627, 12621] - 45.764100000000006
[12627, 12679] - 42.189600000000006
[12627, 12663] - 37.13499999999999
[12627, 12703] - 40.8869
[12627, 10307, 10295] - 31.816513
[12627, 12483] - 42.69590000000001
[12627, 12487] - 40.3264
[12627, 10311] - 45.87530000000001
[12627, 10315] - 57.463600000000014
[12627, 33469] - 44.3858
[12627, 12895] - 58.84189999999999
[12627, 33449] - 66.7564
[12779, 32205] - 41.373399999999975
[12779, 12783] - 59.29150000000002
[12779, 12691] - 34.1218
[12779, 12831] - 30.580700000000004
[12715, 12779] - 40.529999999999994
[12779, 12695] - 31.026800000000005
[12779, 12621] - 36.360000000000014
[12779, 12679] - 34.412
[12779, 12663] - 38.459300000000006
[12779, 10295] - 48.506600000000006
[12779, 12483] - 37.736300000000014
[12779, 12487] - 31.001499999999993
[12779, 10311] - 43.1194
[10307, 12779] - 59.77029999999998
[10315, 12779] - 47.920100000000005
[12779, 12895] - 43.7506
[12779, 33449] - 30.924299999999995
[12355, 12411] - 38.981899999999996
[12411, 12431] - 51.30220000000001
[33433, 12463] - 34.659600000000005
[12795, 12463, 12831] - 30.004101000000002
[12487, 12795, 12463] - 30.638620999999993
[34885, 12463] - 33.0151
[12691, 12463, 12695] - 34.30620400000001
[12691, 12487, 12463] - 31.001215999999996
[12827, 12463] - 44.59420000000001
[12819, 12463] - 59.584999999999994
[12463, 12875] - 41.82919999999999
[12487, 12463, 12695] - 32.190102
[12463, 12679] - 42.0481
[12703, 12463] - 48.59230000000001
[10307, 10295, 12463] - 32.412495
[12483, 12487, 12463] - 41.763347999999986
[12487, 12895, 12463] - 30.281294000000003
[12463, 10311] - 48.922599999999996
[10315, 12463] - 63.6054
[33469, 12463] - 40.7908
[12463, 33449] - 56.41639999999998
[12759, 32205] - 43.76410000000001
[12759, 12691] - 35.3401
[12759, 12827] - 39.39160000000001
[12759, 12831] - 36.227900000000005
[12715, 12759] - 55.71969999999999
[12759, 12723] - 43.67180000000002
[12759, 12875] - 31.895699999999987
[12759, 12695] - 44.35080000000001
[12759, 12621] - 49.4515
[12759, 32213] - 41.415400000000005
[12759, 12679] - 44.083299999999994
[12759, 12663] - 35.91539999999999
[12759, 12703] - 45.6488
[12759, 10307, 10295] - 30.55345399999999
[12759, 12483] - 66.98550000000003
[12759, 12487] - 49.600400000000015
[12759, 10311] - 67.2859
[12759, 10315] - 78.89660000000006
[12759, 33469] - 36.806700000000006
[12759, 12895] - 62.944
[12759, 33449] - 52.22709999999997
[18863, 12355, 12895, 12783] - 38.035715760000016
[18863, 12355, 12751] - 33.64982200000001
[18863, 12751, 12895, 12431] - 30.88718088
[18863, 12751, 12679] - 35.514852
[18863, 12663, 12751] - 34.839135
[18863, 12663, 12355] - 39.25175100000001
[18863, 12431, 12679] - 37.152135
[10315, 18863, 12431] - 30.69876599999999
[10315, 18863, 12621] - 29.878736999999987
[10307, 18863] - 39.71939999999999
[33433, 32205] - 35.40059999999999
[34885, 32205] - 54.3001
[12691, 32205] - 46.23599999999998
[12827, 32205] - 41.046099999999996
[12819, 32205] - 31.404400000000006
[32205, 10335] - 31.03659999999999
[32205, 12831] - 45.2281
[34893, 32205] - 47.105399999999996
[32205, 12875] - 38.0328
[32213, 12695, 32205] - 33.568385000000006
[12703, 12695, 32205] - 31.094861999999992
[12621, 32205] - 31.53199999999999
[12703, 32213, 32205] - 53.50530000000001
[32213, 10295, 32205] - 35.425889999999995
[32213, 12483, 32205] - 39.927937999999976
[32213, 12487, 32205] - 53.140886999999985
[32213, 10311, 32205] - 49.37490100000001
[10307, 32213, 32205] - 35.45056699999999
[10315, 32213, 32205] - 41.31892
[32213, 32205, 33449] - 30.112774999999992
[12679, 32205] - 33.0431
[12703, 12487, 32205] - 34.928622
[12703, 10311, 32205] - 32.69309099999998
[10295, 10311, 32205] - 32.438079
[10307, 10295, 32205] - 40.70397
[10315, 10295, 32205] - 31.108902999999998
[12483, 12487, 32205] - 40.526640000000015
[12487, 10311, 32205] - 36.128275
[10315, 12487, 32205] - 30.35249299999999
[10307, 10311, 32205] - 32.20009199999999
[10315, 10311, 32205] - 32.34729
[33469, 32205, 33449] - 35.36248199999999
[33433, 12795, 33449] - 32.773210999999996
[33433, 34885] - 45.93370000000001
[33433, 12691, 33449] - 31.587770000000003
[33433, 12827, 12895] - 31.69107200000001
[33433, 12827, 33449] - 35.38272400000001
[33433, 12819] - 36.185199999999995
[33433, 33449, 12831] - 35.542848
[33433, 34893] - 41.821100000000015
[33433, 12875] - 33.4824
[33469, 33433, 12695] - 33.803467
[33433, 12695, 33449] - 40.323993
[33433, 12679] - 52.0039
[33433, 12703, 33449] - 31.855849
[10307, 33433, 10295] - 42.47558899999999
[33469, 33433, 10295] - 38.870191000000005
[33433, 10295, 33449] - 39.86557000000001
[33433, 12483] - 37.8176
[33433, 12487] - 42.85990000000002
[33433, 10311] - 42.55330000000001
[33469, 33433, 10307] - 37.91323700000002
[33433, 10307, 33449] - 34.397245
[10315, 33433] - 44.55860000000001
[33469, 33433, 12895] - 39.07803
[33433, 12895, 33449] - 42.712104000000004
[12559, 12567] - 46.973699999999994
[10877, 12339] - 87.84449999999994
[34885, 12795] - 33.72399999999999
[12691, 12795, 12831] - 34.44664600000001
[12691, 12795, 12695] - 31.060691
[12827, 12795, 12831] - 39.479798
[12827, 12795, 12895] - 40.39026299999998
[12819, 12795, 12831] - 61.95852600000002
[12819, 10295, 12795] - 43.41411899999998
[10307, 12819, 12795] - 36.555145999999986
[10315, 12819, 12795] - 29.916468999999996
[12819, 12795, 12895] - 35.651735
[12795, 10335] - 39.62859999999999
[12795, 12695, 12831] - 40.36111499999997
[12795, 12679, 12831] - 32.605459
[12703, 12795, 12831] - 36.046197
[10295, 12795, 12831] - 48.96528200000002
[12483, 12795, 12831] - 30.854196999999996
[12487, 12795, 12831] - 36.270986
[12795, 10311, 12831] - 31.231460999999996
[10307, 12795, 12831] - 46.59201700000003
[10315, 12795, 12831] - 34.034447
[12795, 12895, 12831] - 51.84325799999996
[12795, 33449, 12831] - 33.65262400000001
[34893, 12795] - 30.28270000000001
[12795, 12723] - 30.480000000000004
[12795, 12875] - 49.96009999999998
[12703, 12795, 12695] - 37.63927699999999
[10295, 12795, 12695] - 32.16679099999999
[10307, 12795, 12695] - 30.371358999999995
[12795, 12895, 12695] - 33.85568099999999
[12795, 12895, 12679] - 31.862587
[12663, 12795] - 31.393800000000002
[12703, 12795, 12895] - 30.693886000000003
[10295, 12795, 10311] - 39.441902
[10307, 10295, 12795] - 55.99595599999999
[10315, 10295, 12795] - 35.52496300000001
[10295, 12795, 12895] - 35.624653999999985
[12483, 12487, 12795] - 32.44498899999999
[10307, 12795, 10311] - 34.77151299999999
[10307, 12795, 12895] - 34.28248799999999
[33469, 12795, 33449] - 36.236301999999995
[12795, 12895, 33449] - 29.908179
[34885, 12691, 33449] - 36.415774
[34885, 12827, 12895] - 31.001329999999992
[34885, 12831] - 43.59269999999999
[12703, 34885, 34893] - 30.907924999999995
[34885, 34893, 33449] - 30.800363000000004
[34885, 12875] - 42.2504
[34885, 12695, 33449] - 36.029943999999986
[32213, 34885] - 38.36140000000001
[34885, 12679] - 54.19490000000002
[34885, 10295] - 54.05650000000001
[34885, 12483] - 56.954699999999995
[34885, 12487] - 53.3111
[34885, 10311] - 37.2719
[10307, 34885] - 45.34230000000001
[10315, 34885] - 49.19480000000001
[33469, 34885, 33449] - 39.87644599999999
[34885, 12895, 33449] - 38.975557
[12751, 12783] - 52.42519999999999
[12783, 12621] - 63.64900000000001
[12663, 12783] - 30.852900000000005
[12783, 10311] - 30.570100000000004
[12827, 12691, 12695] - 30.251201000000005
[12703, 12827, 12691] - 30.476751999999998
[12827, 12691, 12895] - 35.72633300000001
[12819, 10295, 12691] - 30.36411
[12691, 12695, 12831] - 39.15398500000002
[12703, 12691, 12831] - 30.520486999999992
[34893, 12691] - 36.3314
[12691, 12875] - 47.24999999999999
[12691, 12695, 12679] - 34.069599999999994
[12703, 12691, 12695] - 66.174041
[10295, 12691, 12695] - 41.02081300000001
[12691, 12487, 12695] - 36.633811999999985
[10307, 12691, 12695] - 36.97847300000001
[10315, 12691, 12695] - 29.999009
[33469, 12691, 12695] - 35.430514
[12691, 12895, 12695] - 43.300286000000014
[12691, 12695, 33449] - 46.377898
[32213, 12691] - 35.081599999999995
[12703, 12691, 12679] - 34.08263100000001
[12691, 12663] - 37.61820000000001
[12703, 10295, 12691] - 31.758266000000003
[12703, 12691, 12487] - 39.32056200000002
[12703, 12691, 10311] - 32.339172
[12703, 12691, 12895] - 37.418482
[12703, 12691, 33449] - 34.173863000000004
[10307, 10295, 12691] - 44.5628
[10315, 10295, 12691] - 34.45465400000002
[12483, 12691, 12487] - 30.410995999999994
[33469, 12691, 33449] - 43.201524000000006
[12691, 12895, 33449] - 34.53586999999999
[12819, 12827] - 51.90760000000001
[12827, 10335] - 30.637700000000002
[12827, 12679, 12831] - 33.67506000000001
[12703, 12827, 12831] - 29.995642000000007
[12827, 12895, 12831] - 50.853940000000016
[34893, 12827] - 42.35110000000002
[12703, 12827, 12875] - 30.420149999999992
[12483, 12827, 12875] - 32.322789000000014
[12827, 12487, 12875] - 34.87126299999999
[12827, 12895, 12875] - 49.25844400000001
[12827, 12695, 12679] - 31.799159
[12703, 12827, 12695] - 45.11163599999999
[10295, 12827, 12695] - 29.82446700000001
[12827, 12487, 12695] - 30.032903000000008
[12827, 12895, 12695] - 47.92249599999998
[12827, 12695, 33449] - 32.841231
[32213, 12827] - 41.9929
[12703, 12827, 12679] - 39.462292000000005
[12827, 12895, 12679] - 61.157368999999996
[12827, 12663, 12895] - 33.786239
[12703, 12827, 12487] - 34.289866999999994
[12703, 12827, 10311] - 31.408877000000004
[12703, 12827, 12895] - 52.729985999999975
[12703, 12827, 33449] - 33.22585300000001
[12827, 10295, 10311] - 47.81459000000002
[10307, 12827, 10295, 12895] - 37.594638530000026
[10315, 12827, 10295] - 41.639187000000014
[12483, 12827, 12487] - 41.51810599999999
[12483, 12827, 12895] - 41.520060999999984
[12827, 12487, 12895] - 46.44718999999999
[10307, 12827, 10311] - 44.588954
[10315, 12827, 10311] - 39.221504999999986
[12827, 12895, 10311] - 50.272685
[10315, 10307, 12827] - 36.370519
[10315, 12827, 12895] - 50.09544299999999
[33469, 12827, 12895] - 46.327035000000045
[33469, 12827, 33449] - 45.49982400000001
[12827, 12895, 33449] - 58.63130900000001
[12663, 12751, 12355] - 36.73078099999999
[12751, 12431, 12679] - 37.24985900000001
[12751, 12723] - 30.737099999999998
[12751, 12621] - 55.41259999999998
[12559, 12355] - 41.2629
[12355, 12431] - 70.16329999999999
[12355, 12875] - 30.658599999999993
[10877, 12355] - 69.18050000000002
[12483, 12355] - 32.374199999999995
[12487, 12355] - 32.363099999999996
[10877, 12559] - 50.19809999999999
[12559, 12895] - 31.04169999999999
[12819, 10295, 12831] - 37.40507199999999
[10307, 12819, 12831] - 32.96438
[12819, 12875] - 36.7427
[12819, 10295, 12695] - 31.35246799999999
[32213, 12819] - 32.24579999999999
[12819, 12679] - 36.39079999999999
[12703, 12819] - 51.184799999999996
[12819, 10295, 10311] - 36.82585700000001
[10307, 12819, 10295] - 52.417922000000004
[10315, 12819, 10295] - 35.36388399999999
[12819, 10295, 12895] - 35.047596
[12483, 12819] - 45.5529
[12819, 12487] - 53.635900000000014
[10307, 12819, 10311] - 32.53645099999999
[10307, 12819, 12895] - 31.262399
[33469, 12819] - 58.37389999999997
[12819, 33449] - 61.02749999999997
[12831, 10335] - 39.7271
[12875, 10335] - 46.46059999999997
[12695, 10335] - 33.389599999999994
[32213, 10335] - 46.296800000000005
[12679, 10335] - 34.4499
[12703, 10335] - 48.54100000000003
[10295, 10311, 10335] - 44.37264500000001
[10307, 10295, 10335] - 45.317010000000025
[10315, 10295, 10335] - 63.448049000000026
[10315, 12483, 10335] - 31.436964
[12487, 10335] - 54.06489999999997
[10307, 10311, 10335] - 34.60128699999999
[10315, 10311, 10335] - 55.743520000000025
[10315, 10307, 10335] - 46.11530700000001
[33469, 10335] - 30.515600000000003
[12895, 10335] - 58.690100000000015
[33449, 10335] - 38.29550000000001
[34893, 12831] - 34.75000000000001
[12723, 12831] - 31.221300000000003
[12895, 12831, 12875] - 31.927847999999994
[12695, 12679, 12831] - 32.57110600000001
[12703, 12695, 12831] - 44.804051000000015
[10295, 12695, 12831] - 34.981738
[12487, 12695, 12831] - 31.609409000000007
[10307, 12695, 12831] - 32.053616999999996
[12895, 12695, 12831] - 38.24895399999999
[12695, 33449, 12831] - 35.49655500000001
[12621, 12831] - 32.031499999999994
[32213, 12831] - 41.1291
[12703, 12679, 12831] - 34.960535
[12895, 12679, 12831] - 38.276928000000005
[12663, 12831] - 44.7558
[12703, 12487, 12831] - 34.55669399999999
[12703, 12895, 12831] - 33.174989
[10295, 10311, 12831] - 43.226381
[10307, 10295, 12831] - 59.85555800000001
[10315, 10295, 12831] - 45.007415
[10295, 12895, 12831] - 37.00452799999999
[12483, 12487, 12831] - 44.42507099999999
[12487, 10311, 12831] - 30.917577999999995
[10315, 12487, 12831] - 29.808949999999996
[10307, 10311, 12831] - 42.665767
[10315, 10311, 12831] - 39.257667000000005
[10315, 10307, 12831] - 40.46524900000001
[10307, 12895, 12831] - 37.31792000000001
[33469, 33449, 12831] - 45.51756599999998
[12895, 33449, 12831] - 35.57805
[10877, 12431] - 52.57409999999998
[10315, 12431, 12621] - 30.610714999999995
[12703, 32213, 34893, 12875] - 33.07386030999999
[32213, 34893, 12487, 12875] - 35.63476019000001
[12703, 34893, 12487, 12875] - 41.82112643999999
[12483, 34893, 12487, 12875] - 31.145745440000006
[34893, 12487, 10311, 12875] - 31.225136509999995
[12703, 34893, 12695] - 36.95837299999997
[34893, 12487, 12695] - 30.931683000000003
[32213, 12703, 34893, 12487] - 45.76669978000002
[32213, 12703, 34893, 10311] - 40.24673139000001
[32213, 12483, 34893] - 41.82219299999999
[32213, 34893, 12487, 10311] - 37.18184142
[34893, 12679] - 45.44499999999999
[12703, 12483, 34893, 12487] - 36.37776539999999
[12703, 34893, 12487, 10311] - 39.277582130000006
[10295, 34893] - 45.66239999999999
[12483, 34893, 10311] - 42.56160400000001
[10307, 34893] - 45.40649999999999
[10315, 34893] - 62.75039999999998
[33469, 34893] - 51.141500000000015
[34893, 12895] - 55.224400000000024
[12715, 12723] - 130.28930000000014
[12715, 12621] - 33.956100000000006
[12715, 12703] - 30.424799999999998
[12715, 10295] - 51.12190000000001
[12715, 12483] - 30.4509
[12715, 12487] - 31.03429999999999
[12715, 10311] - 48.396600000000014
[12715, 10307] - 53.52990000000001
[12715, 10315] - 61.89280000000002
[12715, 33469] - 36.0145
[12715, 12895] - 49.09810000000001
[12715, 33449] - 38.8717
[12723, 12621] - 41.2527
[10295, 12723] - 52.38430000000004
[12487, 12723] - 34.2314
[10311, 12723] - 42.9835
[10307, 12723] - 47.96490000000001
[10315, 12723] - 60.19840000000002
[33469, 12723] - 45.77709999999998
[12895, 12723] - 60.48529999999998
[12723, 33449] - 40.25900000000001
[12703, 12695, 12875] - 40.283462000000014
[12487, 12695, 12875] - 35.192187000000004
[32213, 12703, 12487, 12875] - 40.44823637
[32213, 12703, 10311, 12875] - 34.07907808
[32213, 12483, 12875] - 37.16592299999999
[32213, 12487, 10311, 12875] - 35.78509951
[12703, 12679, 12875] - 31.975851999999996
[12663, 12875] - 31.057699999999997
[12703, 12483, 12487, 12875] - 34.439716120000014
[12703, 12487, 10311, 12875] - 44.07381969999998
[10315, 12703, 12875] - 32.623806
[12703, 12895, 12875] - 32.734073
[10295, 10311, 12875] - 41.079039999999985
[10307, 10295, 12875] - 31.601945000000008
[10315, 10295, 12875] - 30.236660000000008
[10295, 12895, 12875] - 31.151854
[12483, 12487, 10311, 12875] - 40.71355441000001
[10315, 12483, 12875] - 37.007306
[12483, 12895, 12875] - 35.17357199999999
[10315, 12487, 12875] - 43.97433099999998
[12487, 12895, 12875] - 40.198326
[10307, 10311, 12875] - 34.820527000000006
[10315, 10311, 12875] - 47.182252000000005
[12895, 10311, 12875] - 32.459300999999996
[33469, 12875] - 46.116699999999994
[33449, 12875] - 60.00350000000001
[12695, 12621] - 29.9812
[12703, 32213, 12695] - 57.00804400000002
[32213, 12487, 12695] - 37.50139099999999
[32213, 12695, 10311] - 35.686864
[10295, 12695, 12679] - 38.20004000000001
[12487, 12695, 12679] - 31.53678899999999
[12695, 10311, 12679] - 32.333129
[10307, 12695, 12679] - 35.773076
[12895, 12695, 12679] - 49.32542200000003
[12695, 12679, 33449] - 37.27782500000001
[12663, 12695] - 41.73520000000003
[12703, 10295, 12695, 10311] - 36.35678848000001
[10307, 12703, 10295, 12695] - 33.34166277000001
[12703, 12483, 12487, 12695] - 36.216441960000004
[10307, 12703, 12695, 10311] - 30.14702227
[10315, 12703, 12695, 10311] - 29.801904409999985
[33469, 12703, 12695] - 37.58271499999999
[12703, 12895, 12695] - 69.223467
[12703, 12695, 33449] - 52.36323699999999
[12483, 10295, 12695] - 30.225981
[10295, 12487, 12695] - 35.974133
[10307, 10295, 12695, 10311] - 33.02375610000001
[10315, 10295, 12695] - 57.114287000000004
[33469, 10295, 12695] - 36.01424000000001
[10295, 12895, 12695] - 51.531949
[10295, 12695, 33449] - 50.099555
[12483, 12695, 10311] - 34.23373400000002
[12483, 12695, 33449] - 31.164373000000012
[12487, 12695, 10311] - 45.80074099999998
[10307, 12487, 12695] - 31.73868900000001
[10315, 12487, 12695] - 39.98111700000001
[12487, 12895, 12695] - 39.70021299999999
[12487, 12695, 33449] - 33.623332000000005
[12895, 12695, 10311] - 41.01897400000001
[10315, 10307, 12695] - 44.232871000000024
[33469, 10307, 12695] - 33.25419600000001
[10307, 12895, 12695] - 45.67068
[10307, 12695, 33449] - 37.877513
[10315, 12895, 12695] - 32.76656400000001
[10315, 12695, 33449] - 33.226759
[33469, 12895, 12695] - 33.736189
[33469, 12695, 33449] - 59.112529999999985
[12895, 12695, 33449] - 47.37226199999999
[32213, 12621] - 31.523699999999995
[12679, 12621] - 38.4266
[12663, 12621] - 32.687599999999996
[12703, 12621] - 36.0908
[10295, 12621] - 54.461899999999986
[12483, 12621] - 53.07460000000002
[12487, 12621] - 44.378400000000006
[10311, 12621] - 62.624100000000006
[10307, 12621] - 102.92320000000007
[33469, 12621] - 30.961599999999994
[12895, 12621] - 76.89750000000002
[12621, 33449] - 31.962500000000006
[32213, 12679] - 62.12519999999999
[32213, 12703, 10295] - 40.033574999999985
[32213, 12703, 12483, 12487] - 41.733917229999975
[32213, 12703, 12483, 10311] - 34.3885164
[32213, 12703, 12487, 10311] - 62.14019394000001
[10315, 32213, 12703, 12487] - 35.80813377000002
[10315, 32213, 12703, 10311] - 32.52082547000001
[10307, 32213, 12703] - 39.271111999999995
[32213, 10295, 12487] - 38.14828899999999
[32213, 10295, 10311] - 47.364614
[10307, 32213, 10295] - 40.611532000000004
[10315, 32213, 10295] - 40.320097000000004
[32213, 12483, 12487, 10311] - 39.39281802000002
[10315, 32213, 12483] - 40.362594
[10315, 32213, 12487, 10311] - 34.60151673999999
[10307, 32213, 12487] - 39.343047000000006
[10307, 32213, 10311] - 51.354853
[10315, 10307, 32213] - 37.38812300000001
[33469, 32213] - 65.62539999999998
[32213, 12895] - 71.31030000000004
[10307, 12663, 12679] - 35.93890499999999
[12663, 12895, 12679] - 56.11055299999999
[12703, 10295, 12679] - 38.63816800000001
[12703, 12483, 12679] - 34.165275
[12703, 12487, 12679] - 46.58670799999999
[12703, 10311, 12679] - 47.988727999999995
[10307, 12703, 12679] - 41.63560299999999
[10315, 12703, 12679] - 38.055485
[12703, 12895, 12679] - 58.13573300000001
[12703, 12679, 33449] - 37.58542800000001
[10295, 10311, 12679] - 44.22827100000002
[10307, 10295, 12679] - 61.46306300000001
[10315, 10295, 12679] - 33.863291999999994
[10295, 12895, 12679] - 48.191552000000016
[12483, 12487, 12679] - 35.135043
[12483, 12895, 12679] - 32.21583499999999
[12487, 10311, 12679] - 31.139263000000014
[12487, 12895, 12679] - 31.656026999999998
[10307, 12679, 10311] - 38.91444499999998
[10315, 12679, 10311] - 37.832248
[12895, 12679, 10311] - 35.55660300000001
[10307, 12895, 12679] - 57.09186700000002
[10315, 12895, 12679] - 34.64876399999999
[33469, 12679, 33449] - 35.13922800000001
[12895, 12679, 33449] - 37.405132000000016
[12703, 12663] - 56.4766
[10307, 10295, 12663] - 36.43532099999999
[12483, 12663] - 49.53090000000002
[12487, 12663] - 53.51550000000001
[12663, 10311] - 68.41339999999998
[10307, 12663, 12895] - 40.673030999999995
[10315, 12663] - 66.3989
[33469, 12663] - 37.06959999999999
[12663, 33449] - 48.071000000000005
[12703, 12483, 10295] - 33.481555000000014
[12703, 10295, 12487] - 45.58713300000001
[10307, 12703, 10295, 10311] - 36.74737458999999
[10315, 12703, 10295, 10311] - 30.30017954
[12703, 10295, 12895] - 40.181124
[12703, 10295, 33449] - 31.95839599999999
[12703, 12483, 12487, 10311] - 49.74564106000001
[10307, 12703, 12483] - 31.85537499999999
[10315, 12703, 12483] - 44.9322
[12703, 12483, 12895] - 31.775157999999998
[12703, 12483, 33449] - 31.637218000000008
[10315, 12703, 12487, 10311] - 40.891194569999996
[10307, 12703, 12487] - 47.095659999999995
[33469, 12703, 12487] - 31.713179
[12703, 12487, 12895] - 45.00996799999999
[12703, 12487, 33449] - 40.87666200000001
[33469, 12703, 10311] - 29.941989000000003
[12703, 12895, 10311] - 43.62387999999999
[12703, 10311, 33449] - 32.31314100000001
[10315, 10307, 12703] - 46.41859000000001
[33469, 10307, 12703] - 30.372470999999997
[10307, 12703, 12895] - 38.510897
[10315, 12703, 12895] - 31.221416000000012
[33469, 12703, 33449] - 40.921172
[12703, 12895, 33449] - 39.595015000000004
[12483, 10295, 12487, 10311] - 32.97984976999999
[10307, 12483, 10295] - 51.189547999999995
[10315, 12483, 10295] - 46.570018
[10307, 10295, 12487, 10311] - 33.60110111
[10315, 10295, 12487, 10311] - 33.38827941999999
[10295, 12487, 12895] - 37.44730300000001
[10315, 10307, 10295, 10311] - 64.46578323000003
[10307, 10295, 12895, 10311] - 42.180184440000005
[10315, 10295, 12895, 10311] - 30.762444080000005
[33469, 10295, 10311] - 37.51732199999998
[10295, 10311, 33449] - 45.437744
[10315, 10307, 10295, 12895] - 30.05297331000001
[33469, 10307, 10295, 33449] - 32.67489411
[33469, 10315, 10295] - 39.75876499999999
[10315, 10295, 33449] - 49.513629
[33469, 10295, 12895] - 36.320599
[10295, 12895, 33449] - 43.674601
[10307, 12483, 12487, 10311] - 29.98002308999999
[10315, 12483, 12487, 10311] - 40.75870966999999
[12483, 12487, 12895] - 46.751349
[12483, 12487, 33449] - 35.649356999999995
[12483, 12895, 10311] - 30.13176
[10315, 10307, 12483] - 45.357528
[33469, 12483, 33449] - 31.088884000000004
[12483, 12895, 33449] - 30.780522999999995
[10315, 10307, 12487, 10311] - 31.426745020000013
[12487, 12895, 10311] - 38.87892600000001
[10307, 12487, 12895] - 34.27833
[10315, 12487, 12895] - 34.54877399999999
[33469, 12487, 33449] - 36.29201599999999
[12487, 12895, 33449] - 32.011610000000005
[33469, 10307, 10311] - 43.77050899999999
[10307, 10311, 33449] - 31.785711000000006
[33469, 10315, 10311] - 33.839040000000004
[10315, 10311, 33449] - 34.214786
[33469, 10311, 33449] - 36.98410400000001
[33469, 10315, 10307] - 35.70621099999998
[10315, 10307, 33449] - 33.080783000000004
[33469, 10307, 12895] - 34.15636799999999
[10307, 12895, 33449] - 37.02272099999999
[10315, 33469, 33449] - 47.94379499999999
[10315, 12895, 33449] - 33.027701000000015
[33469, 12895, 33449] - 78.44325099999999
