Total itemsets found: 243
Elapsed time: 28412ms
[29, 34, 40] - 1279.5636960000002
[40, 58, 60] - 1324.3407430000022
[40, 58, 62] - 1300.4267559999996
[40, 58, 7] - 1301.3540449999998
[29, 36, 40] - 1299.5716750000024
[29, 36, 52] - 1288.8966430000003
[29, 36, 58] - 1299.2654459999992
[29, 52, 58] - 1335.4499040000003
[29, 52, 60] - 1312.950696999999
[29, 52, 62] - 1282.8859570000006
[36, 52, 58] - 1292.821496
[29, 52, 7] - 1292.7339980000052
[52, 58, 60] - 1313.2146329999998
[52, 58, 62] - 1282.4661830000002
[52, 58, 7] - 1290.9379410000004
[29, 40, 52] - 1340.000719999998
[29, 40, 58] - 1348.0984909999988
[36, 40, 52] - 1293.683567000002
[29, 40, 60] - 1321.547864
[29, 40, 62] - 1298.9440439999996
[36, 40, 58] - 1305.629708999999
[36, 40, 60] - 1278.5098480000026
[29, 40, 7] - 1300.9555319999981
[29, 58, 60] - 1318.9703340000005
[29, 58, 62] - 1293.3863149999993
[36, 58, 60] - 1278.8439610000019
[29, 58, 7] - 1296.9379090000023
[40, 52, 58] - 1340.690228999995
[40, 52, 60] - 1317.773801
[40, 52, 62] - 1290.1606240000028
[40, 52, 7] - 1295.443298000004
[40, 42] - 1537.5839999999985
[25, 56] - 1520.0755999999974
[40, 44] - 1463.8954000000037
[25, 58] - 1615.503299999999
[7, 74] - 1310.3214000000012
[40, 46] - 1436.4152999999983
[25, 60] - 1592.9378999999976
[7, 9] - 1551.373100000002
[40, 48] - 1691.1628000000005
[25, 62] - 1552.2471999999966
[40, 5] - 1670.516200000003
[25, 64] - 1319.3545999999997
[25, 66] - 1538.082700000001
[40, 56] - 1696.0808000000015
[25, 7] - 1554.1497000000052
[25, 9] - 1438.0978999999984
[40, 64] - 1497.1484999999984
[40, 66] - 1702.941700000002
[56, 58] - 1696.0040999999987
[40, 72] - 1327.628999999997
[56, 60] - 1662.306400000003
[40, 74] - 1360.107200000001
[56, 62] - 1641.6385999999973
[40, 9] - 1617.9262000000015
[56, 64] - 1401.4891000000005
[56, 66] - 1598.8262999999988
[56, 7] - 1638.4465000000016
[56, 74] - 1320.355299999999
[56, 9] - 1550.682700000001
[42, 48] - 1440.7305999999955
[42, 5] - 1445.4937999999995
[42, 52] - 1524.4432000000027
[42, 56] - 1448.2940999999992
[42, 58] - 1532.226599999997
[42, 60] - 1506.0049000000022
[42, 62] - 1468.2528999999977
[42, 64] - 1399.1934999999985
[42, 66] - 1473.0246999999977
[42, 7] - 1473.2087000000015
[29, 3] - 1600.8579000000018
[29, 31] - 1416.5202000000024
[42, 9] - 1381.3050999999991
[58, 64] - 1480.6359
[58, 66] - 1700.814400000002
[29, 42] - 1533.8605999999995
[58, 72] - 1319.2373000000025
[29, 44] - 1463.9871000000012
[58, 74] - 1359.7970999999977
[29, 46] - 1425.1381999999974
[29, 48] - 1684.764799999997
[58, 9] - 1616.9866999999972
[29, 5] - 1667.0223000000003
[29, 56] - 1693.514899999996
[3, 31] - 1325.176599999996
[44, 48] - 1363.187499999998
[3, 34] - 1507.8442000000002
[44, 5] - 1376.1948000000045
[3, 36] - 1538.8954000000044
[29, 64] - 1475.651799999998
[44, 52] - 1459.1202000000005
[29, 66] - 1698.7947
[3, 40] - 1594.1559999999988
[44, 56] - 1386.388200000004
[3, 42] - 1362.6676999999995
[44, 58] - 1468.403
[29, 72] - 1318.938200000003
[44, 60] - 1434.522599999999
[29, 74] - 1356.3575999999998
[44, 62] - 1421.563399999998
[3, 48] - 1494.4699999999987
[29, 9] - 1617.3319999999992
[3, 5] - 1481.0108999999984
[44, 66] - 1380.848999999999
[3, 52] - 1587.375999999999
[44, 7] - 1408.409700000001
[3, 56] - 1518.778600000002
[3, 58] - 1593.0109999999988
[3, 60] - 1567.7304999999972
[3, 62] - 1528.4399999999994
[44, 9] - 1320.3981000000006
[3, 64] - 1328.1497999999985
[3, 66] - 1516.981099999999
[3, 7] - 1557.2504000000035
[3, 9] - 1446.7159999999985
[60, 62] - 1690.679499999999
[46, 48] - 1340.2374999999984
[31, 34] - 1338.2337000000018
[46, 5] - 1328.9848000000022
[60, 64] - 1452.7128000000014
[31, 36] - 1373.6666999999975
[60, 66] - 1688.5084999999972
[46, 52] - 1429.518899999999
[31, 40] - 1428.3083999999976
[60, 7] - 1698.529099999999
[46, 56] - 1351.8392000000015
[46, 58] - 1429.4522999999995
[17, 29] - 1401.340200000003
[60, 72] - 1310.6581000000017
[60, 74] - 1329.7750999999994
[46, 60] - 1399.8258999999973
[46, 62] - 1377.6956999999966
[31, 48] - 1324.3000999999983
[60, 9] - 1588.0796999999989
[17, 34] - 1324.8995999999972
[31, 5] - 1328.1939999999975
[17, 36] - 1350.3976000000018
[46, 66] - 1358.528599999999
[31, 52] - 1411.650899999997
[17, 40] - 1406.3871999999997
[46, 7] - 1368.8961000000024
[31, 56] - 1330.9018999999994
[31, 58] - 1417.7567000000006
[31, 60] - 1403.8823999999981
[31, 62] - 1355.6827000000014
[17, 48] - 1311.4256999999998
[31, 66] - 1362.491500000001
[17, 52] - 1394.8579000000004
[31, 7] - 1377.1573999999985
[17, 56] - 1326.9432000000038
[17, 58] - 1403.8015999999966
[17, 60] - 1375.4479999999978
[17, 62] - 1329.8273000000004
[17, 66] - 1322.1990000000008
[17, 7] - 1360.5709999999979
[48, 5] - 1557.154899999997
[62, 64] - 1425.8045
[17, 9] - 1282.378700000001
[62, 66] - 1629.7466999999979
[48, 52] - 1682.6530000000046
[62, 7] - 1656.6206999999977
[48, 56] - 1585.8244000000025
[48, 58] - 1689.3009999999972
[62, 74] - 1326.5364
[48, 60] - 1666.324199999994
[48, 62] - 1612.4467999999981
[62, 9] - 1553.4432000000022
[48, 64] - 1391.0166999999956
[48, 66] - 1612.2610000000025
[48, 7] - 1624.6174999999982
[48, 9] - 1511.2363
[34, 36] - 1639.2952000000032
[34, 42] - 1461.417000000001
[34, 44] - 1384.290999999998
[34, 46] - 1354.7933000000014
[34, 48] - 1593.6155000000033
[34, 5] - 1616.2952000000014
[34, 52] - 1691.848000000003
[34, 56] - 1611.3998000000038
[34, 58] - 1698.345099999997
[34, 60] - 1667.1665000000023
[34, 62] - 1632.2950000000037
[34, 64] - 1417.3269000000003
[64, 66] - 1406.9955
[5, 52] - 1657.5516
[34, 66] - 1612.2446000000032
[64, 7] - 1424.0793
[5, 56] - 1569.0890000000034
[34, 7] - 1642.3082000000002
[5, 58] - 1664.7376000000004
[5, 60] - 1633.0563999999997
[34, 74] - 1282.0885999999996
[5, 62] - 1606.302700000004
[64, 9] - 1335.877799999997
[34, 9] - 1539.2552999999991
[5, 64] - 1399.031799999996
[5, 66] - 1589.153200000003
[5, 7] - 1609.0744999999988
[5, 9] - 1505.893300000001
[36, 42] - 1476.8289999999986
[36, 44] - 1410.7279999999969
[36, 46] - 1379.021199999998
[36, 48] - 1669.4932999999985
[36, 5] - 1607.1388999999965
[36, 56] - 1633.8378000000037
[36, 62] - 1661.988200000004
[36, 64] - 1432.3538999999994
[36, 66] - 1639.1288000000002
[66, 7] - 1639.762700000001
[36, 7] - 1671.7137999999995
[66, 72] - 1321.0011999999974
[36, 74] - 1307.9749999999974
[66, 9] - 1525.2719999999983
[36, 9] - 1556.426700000003
[52, 56] - 1690.5063999999943
[52, 64] - 1476.757800000002
[52, 66] - 1692.674900000004
[52, 72] - 1316.7233
[52, 74] - 1353.040999999999
[52, 9] - 1607.7301999999981
[25, 29] - 1614.5411999999985
[25, 3] - 1416.7821000000022
[25, 34] - 1523.0328999999997
[25, 36] - 1575.2170000000024
[25, 40] - 1614.5729999999955
[25, 42] - 1368.2217000000019
[25, 44] - 1328.5401000000008
[25, 46] - 1296.2467000000006
[25, 48] - 1549.6290000000004
[25, 5] - 1495.1144999999983
[25, 52] - 1610.7611000000006
[11] - 1594.249999999999
[13] - 1287.7099999999984
[15] - 1517.2200000000007
[19] - 1470.5799999999967
[21] - 1666.7100000000016
[23] - 1375.3000000000004
[27] - 1642.0000000000007
[38] - 1651.880000000001
[50] - 1473.7399999999975
[54] - 1652.6299999999992
[68] - 1481.2200000000012
[70] - 1511.1099999999992
