Total itemsets found: 1502
Elapsed time: 40413ms
[23, 36, 38, 90, 94] - 779.9417617328016
[36, 38, 67, 71, 97] - 758.9581224975994
[36, 38, 67, 71, 94] - 822.1357829497998
[36, 38, 67, 71, 90] - 832.6979090836032
[1, 36, 41, 67, 94] - 788.6854964697992
[36, 41, 67, 90, 94] - 841.5068848458014
[1, 36, 41, 67, 90] - 794.2453992973977
[36, 38, 41, 94, 97] - 949.4851944688991
[104, 36, 67, 90, 94] - 830.3412575967986
[104, 36, 67, 90, 97] - 775.5482006813988
[104, 36, 67, 94, 97] - 766.0937685124017
[36, 38, 57, 94, 97] - 807.3871518584001
[36, 38, 57, 90, 97] - 806.204703706801
[36, 79, 88, 94, 97] - 796.5068459622986
[36, 38, 57, 90, 94] - 836.0041969296003
[36, 38, 41, 90, 97] - 950.5341658299018
[36, 38, 41, 90, 94] - 1033.7495008186
[38, 71, 90, 94, 97] - 869.6807252746
[36, 79, 88, 90, 94] - 901.8403590951
[36, 79, 88, 90, 97] - 799.7266034522016
[36, 41, 71, 90, 94] - 795.9029545881998
[1, 31, 36, 90, 94] - 829.9063893557018
[2, 24, 38, 90, 94] - 760.0483260719005
[36, 67, 79, 90, 94] - 812.8436780574018
[104, 36, 67, 71, 90] - 757.4841280067004
[120, 38, 90, 94, 97] - 861.8037759765994
[36, 41, 90, 94, 97] - 1190.8983712893016
[38, 57, 90, 94, 97] - 804.5228537659002
[1, 31, 41, 90, 94] - 777.2699269475004
[36, 67, 90, 94, 97] - 1110.1026109222987
[2, 24, 90, 94, 97] - 777.1075169054985
[36, 38, 67, 94, 97] - 927.7014931624004
[36, 38, 67, 90, 94] - 1000.663444098099
[36, 38, 67, 90, 97] - 936.6106908419018
[104, 36, 38, 90, 94] - 785.2269630023003
[104, 36, 38, 90, 97] - 759.0938324263005
[36, 79, 90, 94, 97] - 1006.639682614602
[36, 57, 90, 94, 97] - 875.8588906382997
[38, 67, 71, 90, 97] - 804.8508945184993
[38, 67, 71, 90, 94] - 819.1444419821006
[1, 36, 41, 94, 97] - 821.0848112299001
[23, 36, 67, 90, 94] - 771.2471079516023
[36, 38, 56, 94, 97] - 887.196496873
[104, 38, 67, 90, 97] - 768.1456325223006
[2, 36, 38, 94, 97] - 873.9541254670994
[36, 38, 56, 90, 97] - 888.1219776885998
[36, 38, 56, 90, 94] - 886.3087595830028
[36, 38, 41, 57, 97] - 783.7443734188989
[1, 36, 41, 90, 97] - 820.0111378378003
[1, 36, 41, 90, 94] - 946.7910162906
[2, 36, 38, 90, 97] - 875.9478800737991
[2, 36, 38, 90, 94] - 896.8556805133996
[56, 71, 90, 94, 97] - 792.7924510132998
[36, 38, 41, 57, 94] - 811.9932480714015
[36, 38, 41, 57, 90] - 813.3308221201997
[36, 41, 57, 94, 97] - 785.6791050084004
[1, 36, 90, 94, 97] - 893.6902879165983
[11, 36, 38, 90, 94] - 757.7795104814988
[1, 41, 67, 90, 94] - 784.2843822461984
[36, 41, 57, 90, 97] - 785.2045271778007
[36, 41, 57, 90, 94] - 815.1856472401012
[2, 36, 90, 94, 97] - 902.7912371662997
[104, 36, 90, 94, 97] - 803.4741547509997
[38, 56, 90, 94, 97] - 882.3019191591007
[31, 36, 41, 90, 94] - 798.0942121055008
[1, 36, 67, 94, 97] - 761.1424460917998
[1, 36, 67, 90, 97] - 764.3268690945007
[1, 36, 67, 90, 94] - 852.7001284039982
[104, 36, 71, 90, 94] - 783.2845819305012
[24, 36, 38, 94, 97] - 777.3534442150002
[56, 67, 90, 94, 97] - 790.1165466109
[36, 56, 71, 90, 97] - 796.7986939418992
[36, 56, 71, 90, 94] - 797.0368260692978
[67, 71, 90, 94, 97] - 866.3595953303994
[79, 88, 90, 94, 97] - 792.6600108762005
[36, 71, 79, 90, 94] - 762.0007783160025
[1, 41, 90, 94, 97] - 814.4170588020005
[36, 88, 90, 94, 97] - 989.1533013303997
[36, 56, 90, 94, 97] - 1156.364039304703
[36, 67, 88, 90, 94] - 807.0178140614995
[1, 36, 71, 90, 94] - 798.5400163888983
[36, 71, 90, 94, 97] - 1056.0303834135993
[38, 41, 90, 94, 97] - 945.852925213199
[36, 5, 90, 94, 97] - 850.7349204227023
[36, 56, 71, 94, 97] - 797.0465286365015
[104, 67, 90, 94, 97] - 763.889761895301
[2, 38, 90, 94, 97] - 874.0926438333998
[24, 38, 90, 94, 97] - 778.6685548059
[104, 23, 36, 90, 94] - 762.0958783557014
[41, 57, 90, 94, 97] - 784.3768747493011
[38, 67, 90, 94, 97] - 924.7737599152003
[36, 67, 71, 94, 97] - 867.3350142328004
[36, 67, 71, 90, 97] - 877.663627019898
[1, 31, 36, 41, 94] - 781.4546563452009
[1, 31, 36, 41, 90] - 782.3799677845
[36, 67, 71, 90, 94] - 958.0669011477986
[36, 38, 71, 90, 97] - 880.5593340694004
[38, 41, 57, 90, 97] - 782.375737231299
[36, 38, 71, 90, 94] - 943.0727153448022
[38, 41, 57, 90, 94] - 811.2538724209999
[120, 36, 38, 90, 97] - 864.0857595242013
[120, 36, 38, 90, 94] - 882.3496484144996
[2, 24, 36, 94, 97] - 774.5272255210998
[120, 36, 38, 94, 97] - 863.3850594247001
[36, 38, 90, 94, 97] - 1484.3077564617015
[2, 24, 36, 90, 94] - 781.2568321207009
[2, 24, 36, 90, 97] - 778.9646196902996
[120, 36, 90, 94, 97] - 921.2195983412996
[36, 56, 67, 94, 97] - 789.6430198553007
[24, 36, 90, 94, 97] - 1066.9958359148998
[38, 41, 57, 94, 97] - 783.0260854949015
[36, 38, 71, 94, 97] - 873.1572036015012
[36, 56, 67, 90, 97] - 790.8569674753991
[36, 56, 67, 90, 94] - 791.8054342046987
[24, 36, 38, 90, 94] - 786.9245325494
[24, 36, 38, 90, 97] - 778.9476359871005
[36, 41, 67, 97] - 979.4979531899992
[31, 36, 71, 94] - 893.64773937
[31, 36, 71, 90] - 896.8266112100006
[36, 41, 67, 71] - 944.7312614100017
[120, 24, 36, 94] - 835.0190303699998
[120, 24, 36, 97] - 836.1804746199981
[120, 24, 36, 90] - 835.2773268299987
[128, 36, 38, 94] - 930.8140003599971
[120, 24, 38, 94] - 791.8571632299979
[128, 36, 38, 97] - 922.6052222600005
[120, 24, 38, 97] - 824.0852559399978
[128, 36, 38, 90] - 933.5961464100003
[120, 24, 38, 90] - 821.1809339000001
[1, 41, 71, 97] - 931.572438250001
[1, 41, 71, 94] - 983.9539908600002
[1, 41, 71, 90] - 1049.5425143700043
[31, 36, 71, 97] - 757.58753887
[1, 31, 56, 97] - 862.0064207000031
[1, 31, 56, 94] - 863.9984372899988
[1, 31, 56, 90] - 859.6405946800014
[38, 55, 94, 97] - 792.1068400800013
[1, 23, 71, 94] - 805.1845329200025
[1, 23, 71, 90] - 810.6333711099987
[1, 36, 67, 71] - 959.683816179999
[38, 56, 67, 90] - 861.0304805300013
[38, 56, 67, 94] - 858.393522710001
[38, 56, 67, 97] - 859.7631887199989
[36, 41, 71, 97] - 924.6404317299989
[41, 56, 90, 97] - 957.3148310799995
[31, 67, 71, 94] - 779.901101300001
[41, 56, 90, 94] - 959.2446414800036
[31, 67, 71, 90] - 845.5340955100007
[38, 56, 71, 90] - 860.5859395200005
[38, 56, 71, 94] - 857.5011303000011
[38, 56, 71, 97] - 860.8200695900016
[24, 79, 90, 94] - 828.4434550600006
[41, 56, 94, 97] - 960.8664749499997
[1, 38, 41, 71] - 844.8201488399986
[1, 38, 41, 67] - 906.6920213100004
[1, 41, 79, 94] - 860.0294605500021
[1, 38, 41, 90] - 907.1871329899998
[1, 41, 79, 90] - 860.7500133799992
[1, 38, 41, 97] - 826.873416089999
[1, 36, 71, 97] - 945.5665521999999
[1, 38, 41, 94] - 841.5695426399968
[104, 71, 90, 97] - 1025.664046419999
[36, 38, 41, 71] - 858.2064989999996
[36, 41, 79, 88] - 843.7143735200026
[36, 41, 79, 97] - 813.2887500700007
[1, 31, 67, 71] - 817.4096710099993
[36, 41, 79, 90] - 975.4215946300003
[36, 41, 79, 94] - 972.7100925300009
[1, 31, 67, 90] - 939.4437613300012
[1, 31, 67, 97] - 818.79576822
[36, 38, 41, 67] - 920.5120507000017
[1, 31, 67, 94] - 874.4855625500016
[36, 5, 67, 90] - 770.2764965600031
[36, 5, 67, 94] - 764.6457562300001
[104, 71, 94, 97] - 952.2001454400001
[1, 67, 71, 94] - 945.0373689100011
[1, 67, 71, 90] - 1013.8291180599998
[31, 41, 90, 97] - 933.6313850300035
[1, 67, 71, 97] - 914.898129559999
[128, 56, 90, 97] - 762.2450858299994
[31, 41, 94, 97] - 877.0929012200005
[128, 56, 90, 94] - 761.25945537
[104, 38, 94, 97] - 995.0447354100012
[11, 90, 94, 97] - 959.9362739499974
[1, 31, 71, 97] - 805.9583633800013
[1, 31, 71, 94] - 861.8639560900017
[1, 36, 79, 97] - 827.44893807
[1, 36, 79, 94] - 965.4117327099992
[1, 31, 71, 90] - 922.5489199499988
[1, 36, 79, 90] - 968.1908635200004
[1, 36, 79, 88] - 813.8914777700008
[128, 56, 94, 97] - 761.9422126199992
[36, 67, 71, 79] - 814.851402230001
[1, 41, 88, 90] - 863.2220345800016
[36, 67, 71, 88] - 811.7561426799997
[128, 36, 56, 90] - 765.7764662100014
[1, 41, 88, 94] - 864.8478363799989
[36, 9, 90, 94] - 776.1389314199977
[56, 88, 90, 94] - 898.9086719199979
[56, 88, 90, 97] - 899.8921945399986
[128, 36, 57, 90] - 783.2916866200004
[128, 36, 56, 97] - 766.812472330002
[128, 36, 56, 94] - 764.7420482199991
[36, 41, 88, 90] - 977.8421938300019
[36, 41, 88, 94] - 979.1830051500018
[36, 41, 88, 97] - 825.2049641600003
[128, 36, 57, 94] - 780.9869109899996
[128, 36, 57, 97] - 780.7296272299999
[36, 38, 5, 90] - 949.4112424199999
[31, 36, 90, 97] - 952.9497245400006
[36, 38, 5, 97] - 912.217210039999
[36, 38, 5, 94] - 948.549186029999
[1, 23, 90, 94] - 865.3533574199998
[38, 41, 55, 90] - 802.2422712500004
[31, 36, 94, 97] - 954.9822635300002
[1, 23, 90, 97] - 792.5444156699996
[56, 88, 94, 97] - 904.8486386099995
[31, 67, 90, 94] - 903.9178389300024
[11, 38, 90, 97] - 951.0384892200019
[31, 67, 90, 97] - 826.9853260999997
[1, 104, 23, 41] - 779.7686874700007
[1, 104, 23, 36] - 814.9103062399986
[1, 104, 23, 38] - 774.703802400002
[1, 23, 94, 97] - 790.1309613600004
[36, 67, 79, 88] - 877.141338920002
[1, 36, 88, 94] - 949.6859929099984
[120, 38, 56, 94] - 853.1370498699996
[120, 38, 56, 97] - 858.0828577899983
[1, 36, 88, 90] - 949.7109530400002
[36, 67, 79, 97] - 971.9906214199996
[1, 104, 23, 67] - 806.5266391199999
[120, 38, 56, 90] - 854.2143752800015
[1, 104, 23, 94] - 804.7402970599998
[1, 104, 23, 90] - 808.7009460899999
[1, 36, 88, 97] - 818.5227649
[1, 104, 23, 97] - 791.9045317299992
[36, 38, 55, 90] - 912.6531725299999
[11, 38, 94, 97] - 950.9840029600007
[36, 38, 55, 97] - 796.9279038499988
[36, 38, 56, 67] - 862.5645554400003
[36, 38, 55, 94] - 903.7012887199998
[36, 38, 56, 71] - 862.44664191
[31, 67, 94, 97] - 765.568765920001
[41, 67, 71, 94] - 932.2625014799987
[41, 67, 71, 90] - 1003.22877783
[41, 67, 71, 97] - 883.5967350099988
[71, 88, 90, 97] - 892.63027006
[71, 88, 90, 94] - 992.0920721400024
[36, 38, 6, 94] - 827.4084896699992
[36, 38, 6, 90] - 833.9484142999992
[120, 2, 90, 94] - 896.6965853300013
[36, 38, 6, 97] - 797.6266693499982
[120, 2, 90, 97] - 877.3663858300006
[38, 41, 67, 71] - 896.5429870100003
[1, 38, 67, 71] - 870.2498207599988
[38, 41, 67, 90] - 977.2478354199978
[1, 38, 67, 97] - 870.1254201100013
[1, 38, 67, 94] - 878.7841861800001
[1, 38, 67, 90] - 946.014083609999
[23, 36, 38, 67] - 998.8250332900001
[120, 2, 94, 97] - 876.904430010001
[23, 36, 38, 71] - 935.7100346200037
[36, 67, 88, 97] - 968.8667874999976
[38, 41, 67, 94] - 909.798510999998
[38, 41, 67, 97] - 879.9929982399973
[71, 88, 94, 97] - 886.6583240399974
[23, 36, 38, 41] - 963.2001855599984
[1, 31, 90, 97] - 990.535517019998
[1, 104, 36, 41] - 884.8613384900007
[1, 79, 88, 94] - 810.6293115599993
[1, 104, 36, 38] - 820.0236955299989
[36, 38, 67, 79] - 807.3816261699997
[23, 36, 38, 97] - 943.5453036300015
[1, 79, 88, 90] - 811.4856488499975
[36, 38, 67, 88] - 806.5625779000003
[23, 36, 41, 90] - 967.4668928600012
[1, 38, 71, 90] - 867.4342086199989
[1, 104, 36, 71] - 832.2057065000001
[1, 104, 38, 41] - 847.9026902400001
[23, 36, 41, 94] - 961.8530171399977
[23, 36, 41, 97] - 865.3699341900007
[1, 104, 36, 67] - 893.6433187200007
[1, 104, 36, 90] - 950.1028247299995
[104, 88, 90, 94] - 821.9738161399999
[1, 38, 71, 97] - 792.936774399999
[1, 38, 71, 94] - 800.3425510300004
[1, 104, 38, 71] - 808.4561564199997
[23, 36, 41, 67] - 922.0628225500024
[1, 104, 38, 67] - 871.1337489900008
[1, 104, 36, 97] - 832.536519080001
[1, 104, 36, 94] - 940.1500709000001
[23, 36, 41, 71] - 862.2758519600012
[1, 104, 38, 90] - 873.8664642500005
[38, 41, 71, 90] - 915.1397472000003
[38, 41, 71, 94] - 846.2486198199986
[38, 41, 71, 97] - 821.3787492700025
[1, 31, 94, 97] - 935.1614113200011
[1, 79, 90, 97] - 825.0374691100001
[31, 90, 94, 97] - 950.5086755600022
[1, 79, 90, 94] - 962.9710667499984
[1, 104, 38, 97] - 853.045299899999
[1, 104, 38, 94] - 807.4162107799995
[1, 104, 41, 71] - 829.6114377600012
[1, 104, 41, 67] - 891.6688977000006
[1, 104, 41, 94] - 871.1895653299993
[1, 104, 41, 90] - 941.0172337600012
[1, 79, 94, 97] - 826.8169592400009
[1, 104, 41, 97] - 830.463774300001
[2, 24, 36, 38] - 1004.1272380900016
[128, 57, 90, 97] - 776.5382615000002
[128, 57, 90, 94] - 777.3196278100027
[31, 71, 90, 97] - 812.0402517499998
[31, 71, 90, 94] - 888.0325701400001
[36, 71, 79, 88] - 805.3725074600002
[128, 57, 94, 97] - 775.56840976
[36, 71, 79, 97] - 903.3642445900008
[36, 38, 79, 90] - 1005.7300930600006
[41, 67, 90, 97] - 1040.5519819200001
[36, 38, 79, 97] - 937.1047832300001
[36, 38, 79, 94] - 997.6480410700017
[104, 23, 36, 38] - 984.3346119700003
[104, 23, 36, 41] - 903.9667419899984
[2, 24, 38, 97] - 998.2579498999994
[104, 23, 36, 67] - 969.6019043200012
[104, 23, 38, 41] - 898.3058225000016
[104, 23, 36, 71] - 912.3738423800008
[104, 23, 38, 90] - 979.4302260599978
[104, 23, 38, 94] - 974.2983667100009
[104, 23, 36, 97] - 976.334084939998
[104, 23, 38, 67] - 934.2667243100011
[41, 67, 94, 97] - 974.46624194
[104, 23, 38, 71] - 872.7194129699985
[41, 5, 90, 94] - 863.3354658100002
[104, 23, 38, 97] - 938.2569145499995
[41, 5, 90, 97] - 808.3441527300012
[41, 5, 94, 97] - 794.7781978199996
[104, 23, 41, 67] - 856.3252285100028
[128, 36, 90, 94] - 998.4754009700001
[120, 24, 90, 94] - 838.7044552000008
[41, 79, 88, 90] - 843.7931059000005
[120, 24, 90, 97] - 870.3638548599992
[41, 79, 88, 94] - 843.3984371600013
[24, 88, 90, 94] - 796.0649016999994
[104, 23, 41, 90] - 901.4109013800015
[104, 23, 41, 94] - 896.1856492300012
[104, 23, 41, 97] - 859.9659446500011
[104, 23, 41, 71] - 797.7048336799987
[41, 79, 90, 94] - 974.4513609100014
[41, 79, 90, 97] - 813.6503362299987
[23, 41, 67, 71] - 834.8024801099997
[128, 36, 90, 97] - 989.5515934200001
[36, 42, 90, 94] - 799.0101510299992
[36, 42, 90, 97] - 811.286553679999
[104, 36, 38, 41] - 907.1185866799992
[36, 42, 94, 97] - 802.2961783099996
[128, 36, 94, 97] - 985.9379577199988
[120, 24, 94, 97] - 840.8163480099983
[104, 36, 38, 71] - 937.6865260199993
[1, 71, 90, 97] - 998.4746226899975
[104, 36, 38, 67] - 1002.1585790999985
[36, 71, 88, 94] - 999.1331177200019
[36, 71, 88, 97] - 899.2581045499993
[23, 41, 67, 94] - 912.2955653800008
[23, 41, 67, 90] - 918.0369779500011
[36, 71, 88, 90] - 1007.0851887999999
[23, 41, 67, 97] - 815.4799842699998
[36, 38, 88, 90] - 992.2030862800016
[38, 67, 79, 90] - 807.3449458900009
[38, 67, 79, 94] - 798.3150135899983
[36, 38, 88, 97] - 931.0824677299986
[36, 38, 88, 94] - 984.6862155699987
[1, 38, 90, 97] - 866.6881620400001
[1, 71, 94, 97] - 935.5007261799994
[1, 38, 90, 94] - 882.5543472300011
[104, 36, 41, 71] - 844.4660152099996
[100, 56, 90, 97] - 871.2007304799997
[41, 79, 94, 97] - 815.98319312
[104, 36, 41, 67] - 904.8446715900023
[100, 56, 90, 94] - 868.0882703899991
[23, 41, 71, 90] - 857.7109839900006
[23, 41, 71, 94] - 851.4482047099989
[23, 41, 71, 97] - 758.8544632000015
[104, 36, 41, 90] - 1003.4492984800007
[104, 36, 41, 94] - 993.8866960300031
[104, 36, 41, 97] - 865.9974957699987
[1, 38, 94, 97] - 801.8318015100006
[23, 36, 67, 71] - 947.8162052300021
[100, 56, 94, 97] - 874.4057720300007
[100, 36, 56, 94] - 869.282625409999
[100, 36, 56, 90] - 866.3062008900002
[67, 79, 88, 97] - 776.9179298199983
[67, 79, 88, 94] - 870.0945624100003
[67, 79, 88, 90] - 882.8029884200029
[100, 36, 56, 97] - 873.7429713799995
[23, 36, 67, 97] - 929.3847950300012
[100, 24, 36, 56] - 874.9647494499991
[1, 104, 67, 71] - 864.5358928200002
[23, 38, 41, 90] - 957.4775648700007
[23, 36, 71, 90] - 974.1310522699999
[23, 38, 41, 94] - 952.7646479199985
[23, 36, 71, 94] - 966.8993971300016
[100, 24, 36, 97] - 911.2820469800002
[1, 104, 67, 97] - 888.0378192999985
[38, 67, 88, 90] - 802.6965740600003
[100, 24, 36, 94] - 905.7635884700011
[1, 104, 67, 94] - 880.66672338
[23, 38, 41, 97] - 857.91164795
[23, 36, 71, 97] - 873.0770331800021
[38, 67, 88, 94] - 791.7715073300001
[100, 24, 36, 90] - 902.8910465699989
[1, 104, 67, 90] - 949.9731671499978
[67, 79, 90, 97] - 975.6698646999994
[23, 38, 41, 67] - 914.6334410300014
[23, 38, 41, 71] - 853.0047373499988
[11, 36, 38, 97] - 959.3243899900015
[67, 71, 79, 94] - 807.1857265200031
[67, 71, 79, 90] - 819.3288364200022
[67, 79, 94, 97] - 968.3074446699977
[41, 71, 90, 97] - 980.33951722
[1, 104, 71, 94] - 820.777122869999
[1, 104, 71, 90] - 889.7492244399988
[38, 5, 90, 94] - 950.0597441399997
[38, 5, 90, 97] - 923.7208265699998
[1, 104, 71, 97] - 828.339510170001
[128, 90, 94, 97] - 983.1853391600008
[24, 36, 41, 90] - 829.6741066700002
[23, 67, 71, 90] - 943.42576609
[23, 67, 71, 97] - 844.3930845899982
[24, 36, 41, 94] - 831.9748089100024
[23, 67, 71, 94] - 935.7104993099991
[41, 71, 94, 97] - 915.0257829500009
[104, 36, 57, 90] - 775.1397755699987
[104, 36, 57, 94] - 769.6287973099994
[104, 41, 67, 71] - 861.5739543500011
[55, 90, 94, 97] - 848.76415311
[104, 41, 67, 90] - 966.109640829999
[104, 41, 67, 94] - 895.4694677500003
[104, 41, 67, 97] - 881.4309402300003
[56, 67, 71, 90] - 820.9268064000008
[56, 67, 71, 94] - 817.2885922799995
[56, 67, 71, 97] - 817.7736066100005
[38, 5, 94, 97] - 910.6962114399996
[104, 23, 67, 90] - 966.5421649199991
[104, 23, 67, 71] - 882.930630870001
[38, 79, 90, 94] - 992.0301750399979
[104, 23, 67, 94] - 959.6497432799986
[104, 23, 67, 97] - 923.1824510999992
[38, 79, 90, 97] - 932.7075190299995
[38, 79, 94, 97] - 926.8239749999981
[23, 41, 90, 94] - 956.2264474500005
[67, 71, 88, 94] - 797.2763655900017
[23, 41, 90, 97] - 860.6031050999992
[67, 71, 88, 90] - 810.1443805400002
[104, 41, 71, 97] - 824.5626725799997
[104, 41, 71, 90] - 905.3620212300016
[104, 41, 71, 94] - 834.5286062699984
[128, 38, 90, 94] - 935.2892692400005
[104, 23, 71, 90] - 908.88073404
[104, 23, 71, 94] - 902.1950474499973
[36, 6, 90, 94] - 1018.2698420999996
[36, 6, 90, 97] - 989.5579339299984
[24, 56, 90, 97] - 877.0390646400001
[24, 56, 90, 94] - 874.24177479
[104, 23, 71, 97] - 867.0939305300004
[36, 6, 94, 97] - 985.4669419700014
[1, 88, 90, 97] - 809.6382632599983
[128, 38, 90, 97] - 917.512763689999
[1, 88, 90, 94] - 941.257595490003
[23, 41, 94, 97] - 857.6531731800022
[128, 38, 94, 97] - 916.5717416899982
[100, 24, 56, 90] - 872.6337552400003
[100, 24, 56, 97] - 879.4656869000008
[100, 24, 56, 94] - 876.8157861100016
[1, 88, 94, 97] - 812.2715142999998
[24, 36, 56, 90] - 871.3697586299998
[24, 36, 56, 97] - 878.8029080399983
[23, 36, 90, 97] - 978.9082856699994
[6, 90, 94, 97] - 986.5601355400023
[24, 36, 56, 94] - 875.2397483100015
[104, 38, 41, 71] - 858.1079238599991
[24, 56, 94, 97] - 880.9347262999984
[104, 38, 41, 67] - 919.1961754400004
[104, 38, 41, 90] - 965.7561931100013
[104, 38, 41, 94] - 897.8480255800013
[104, 36, 71, 97] - 965.5959645399994
[104, 38, 41, 97] - 923.6099528499972
[120, 2, 24, 36] - 790.6073180600005
[120, 2, 24, 38] - 769.9880901800007
[36, 55, 90, 97] - 858.9441379400017
[36, 55, 90, 94] - 1052.393886120001
[23, 38, 67, 71] - 908.1428541900017
[36, 55, 94, 97] - 849.3867741400015
[120, 2, 24, 94] - 792.86175986
[120, 2, 24, 97] - 794.2329837499992
[1, 104, 90, 97] - 887.3032276499994
[1, 104, 90, 94] - 934.3612817999989
[120, 2, 24, 90] - 792.6736094099998
[23, 36, 94, 97] - 974.5305536800009
[1, 23, 36, 41] - 850.4296870999999
[1, 23, 36, 38] - 844.8960173600015
[1, 23, 38, 41] - 839.8265778899993
[1, 23, 36, 71] - 816.8711644699989
[1, 23, 36, 67] - 877.7034882900014
[23, 38, 67, 90] - 993.2555485199985
[23, 38, 67, 97] - 892.6331860199998
[23, 38, 67, 94] - 986.4771623299968
[23, 67, 90, 97] - 924.7741117400006
[36, 56, 67, 71] - 821.2328580699988
[104, 67, 71, 97] - 1003.5824096400014
[104, 67, 71, 94] - 988.1808666800017
[41, 6, 90, 94] - 759.0261468099991
[31, 36, 41, 71] - 856.1489047299998
[1, 23, 38, 71] - 775.0818664399991
[1, 104, 94, 97] - 820.8963042599986
[1, 23, 38, 67] - 837.7339804100011
[1, 23, 36, 97] - 799.9714483200003
[1, 23, 36, 94] - 874.602421419999
[1, 23, 36, 90] - 879.3851482700005
[23, 67, 94, 97] - 919.976971690001
[31, 36, 41, 97] - 878.9031675199996
[1, 23, 38, 97] - 758.6416167799997
[1, 23, 38, 94] - 831.5894644599997
[1, 23, 38, 90] - 835.7903201799986
[104, 36, 79, 90] - 838.9629415100004
[31, 36, 41, 56] - 873.8658196299979
[31, 36, 41, 67] - 856.7619645400011
[23, 38, 71, 94] - 922.7988788699989
[23, 38, 71, 90] - 929.5996813800019
[23, 38, 71, 97] - 832.2847386000013
[24, 66, 90, 94] - 763.7457978299988
[41, 88, 90, 97] - 818.3604466
[104, 36, 79, 94] - 824.2459582200003
[100, 36, 90, 97] - 902.0231420300008
[100, 36, 90, 94] - 954.1541164399994
[42, 90, 94, 97] - 802.0171099900007
[41, 88, 90, 94] - 973.4936883300005
[1, 23, 41, 71] - 782.8588294299987
[1, 23, 41, 67] - 843.3435861399985
[1, 23, 41, 90] - 842.0469597999999
[1, 23, 41, 97] - 763.8544407799999
[1, 23, 41, 94] - 837.1794509000002
[1, 36, 38, 41] - 856.0945977800001
[100, 36, 94, 97] - 903.832399010001
[104, 57, 90, 94] - 768.9359080799987
[104, 41, 90, 94] - 991.3302972099985
[104, 41, 90, 97] - 925.3105520900008
[1, 36, 38, 71] - 814.5511323900007
[1, 36, 38, 67] - 894.9074270299986
[1, 36, 38, 90] - 900.0398381300026
[120, 2, 36, 38] - 876.1543167699997
[56, 79, 90, 94] - 896.401664960002
[120, 36, 38, 56] - 860.3819374299998
[56, 79, 90, 97] - 894.0664994500007
[41, 55, 90, 94] - 828.7784587200006
[1, 36, 38, 97] - 814.630950880001
[1, 36, 38, 94] - 892.5628247000012
[41, 88, 94, 97] - 822.0944148399994
[56, 79, 94, 97] - 901.529453340001
[31, 41, 56, 90] - 867.9607105699995
[31, 41, 56, 97] - 871.2670028199997
[31, 41, 56, 94] - 872.6589281299994
[104, 23, 90, 97] - 972.0955778200005
[1, 36, 41, 56] - 868.0436114000001
[104, 41, 94, 97] - 857.3599002700003
[120, 2, 36, 90] - 897.8734501399999
[1, 36, 41, 79] - 862.4327614999993
[120, 2, 36, 94] - 895.7215978899985
[120, 2, 36, 97] - 876.3601800300005
[1, 36, 41, 71] - 998.1013214200002
[1, 36, 41, 88] - 872.2662001899982
[120, 2, 38, 90] - 875.2926750800003
[120, 2, 38, 94] - 875.7478693600005
[120, 2, 38, 97] - 855.5670919899997
[5, 67, 90, 94] - 765.1976759300002
[104, 36, 88, 90] - 837.3805657100003
[104, 36, 88, 94] - 826.2127106100014
[104, 23, 94, 97] - 966.1645270399998
[36, 56, 79, 97] - 900.4933991000017
[1, 31, 36, 56] - 866.3031371599985
[36, 56, 79, 90] - 894.0720135200012
[36, 56, 79, 94] - 901.5781875700013
[1, 31, 36, 71] - 870.7985015499992
[31, 56, 90, 97] - 864.24251898
[31, 56, 90, 94] - 867.5061300200001
[1, 31, 36, 67] - 882.5285564000005
[24, 36, 79, 90] - 828.4113124000003
[31, 56, 94, 97] - 868.9732121900013
[1, 31, 36, 97] - 938.6298700200018
[24, 36, 79, 94] - 829.7552903300026
[23, 90, 94, 97] - 968.082559569999
[36, 41, 5, 97] - 795.7711274600016
[36, 41, 5, 94] - 862.173569609999
[36, 41, 5, 90] - 863.3420223200008
[31, 36, 56, 97] - 870.4771702100004
[31, 36, 56, 94] - 873.3809231399995
[31, 36, 56, 90] - 867.5648270600003
[1, 31, 41, 67] - 888.8636811199997
[67, 88, 90, 97] - 969.6050510500028
[1, 31, 41, 56] - 865.3292799800004
[71, 79, 88, 90] - 804.2912724099999
[71, 79, 88, 94] - 796.9828109700015
[1, 31, 41, 71] - 886.0709742400011
[31, 41, 67, 94] - 850.2615073799986
[1, 31, 41, 97] - 930.846334040001
[31, 41, 67, 90] - 915.0942759700025
[1, 41, 56, 97] - 865.205870450001
[104, 38, 67, 71] - 976.0323502000003
[67, 88, 94, 97] - 957.5226205500003
[1, 41, 56, 94] - 864.3810242300004
[1, 41, 56, 90] - 861.2133493700007
[31, 41, 67, 97] - 776.3617454600009
[71, 79, 90, 97] - 903.78080569
[104, 38, 67, 94] - 988.5700617499999
[31, 41, 67, 71] - 813.7158948999991
[36, 41, 56, 97] - 963.2902104500023
[36, 41, 56, 94] - 964.1581421899995
[36, 41, 56, 90] - 959.7440454300013
[36, 56, 88, 90] - 899.7017240399982
[38, 6, 90, 94] - 829.8094664900001
[36, 56, 88, 94] - 906.1478579499993
[38, 6, 90, 97] - 812.6064583999985
[36, 56, 88, 97] - 909.3396337600011
[1, 56, 90, 94] - 892.0115243399991
[36, 41, 56, 67] - 757.5525385900024
[36, 41, 55, 94] - 821.3256887600005
[36, 41, 55, 90] - 829.7587643300006
[36, 41, 56, 71] - 763.131896409999
[24, 41, 90, 97] - 790.5165372999995
[23, 71, 90, 97] - 868.3139682199992
[24, 41, 90, 94] - 843.170883220002
[23, 71, 90, 94] - 960.2351943999962
[1, 56, 90, 97] - 891.0096572900017
[120, 56, 90, 94] - 891.0103328500018
[120, 56, 90, 97] - 894.8605599499991
[23, 71, 94, 97] - 863.722442130001
[23, 38, 90, 97] - 937.5508067600011
[31, 41, 71, 90] - 908.7204315300011
[100, 90, 94, 97] - 903.1521762600017
[71, 79, 94, 97] - 898.3871571100002
[1, 56, 94, 97] - 895.2540425500002
[24, 36, 88, 94] - 794.1041721600005
[24, 36, 88, 90] - 799.2578865200012
[104, 38, 71, 90] - 995.2416743899998
[104, 38, 71, 94] - 923.4646234600004
[104, 38, 71, 97] - 958.9823354799993
[120, 56, 94, 97] - 894.4916710199993
[31, 41, 71, 97] - 775.9558023199987
[31, 41, 71, 94] - 847.1141722299978
[1, 36, 56, 94] - 899.3598579800022
[38, 6, 94, 97] - 791.5331015500011
[1, 36, 56, 90] - 894.3772608600009
[100, 24, 90, 94] - 905.9193603299992
[31, 36, 67, 97] - 769.0101768599998
[31, 36, 67, 94] - 903.371105169999
[11, 36, 90, 97] - 970.0751361199981
[1, 36, 56, 97] - 898.8180932500009
[104, 79, 90, 94] - 827.8968956999995
[100, 24, 90, 97] - 910.2958453400025
[31, 36, 67, 71] - 789.3111959000003
[1, 41, 67, 71] - 952.7529474000013
[23, 38, 94, 97] - 933.7165312899989
[38, 88, 90, 94] - 973.5391721200008
[120, 36, 56, 94] - 895.5577891600001
[38, 88, 90, 97] - 920.5370898600011
[1, 41, 67, 97] - 990.6095056200012
[120, 36, 56, 97] - 899.9405842900003
[31, 36, 67, 90] - 910.7020054100007
[120, 36, 56, 90] - 897.17976652
[12, 36, 90, 94] - 790.5000305600008
[38, 55, 90, 97] - 855.61001728
[38, 88, 94, 97] - 912.8981056799988
[38, 55, 90, 94] - 908.414730700002
[1, 23, 67, 71] - 807.9276972700002
[100, 24, 94, 97] - 912.5995996600008
[11, 36, 94, 97] - 967.2042580899993
[1, 23, 67, 97] - 792.1335731499973
[1, 23, 67, 94] - 864.2725563300007
[1, 23, 67, 90] - 869.2872980099987
[120, 24, 36, 38] - 788.030816969998
[24, 63, 90] - 968.1368589999995
[24, 63, 94] - 886.7193180000022
[24, 63, 97] - 850.0899949999996
[36, 86, 90] - 797.5677269999991
[31, 79, 88] - 774.9448139999995
[31, 79, 90] - 991.3483570000012
[36, 86, 94] - 796.2818379999993
[36, 86, 97] - 794.5608969999998
[38, 57, 67] - 870.533524000001
[31, 79, 94] - 991.4248410000009
[31, 79, 97] - 780.434420000001
[38, 57, 71] - 868.1909479999997
[86, 90, 97] - 796.3129529999985
[104, 23, 31] - 773.9039040000016
[86, 90, 94] - 798.5302609999993
[104, 23, 56] - 891.1678009999993
[104, 23, 57] - 936.8083840000008
[108, 90, 94] - 868.2811780000002
[108, 90, 97] - 887.678472
[24, 66, 70] - 766.8643609999992
[128, 71, 90] - 977.9629389999991
[128, 71, 94] - 969.2215950000008
[128, 71, 97] - 980.1543780000004
[70, 90, 94] - 970.7086650000014
[104, 23, 79] - 858.7442599999985
[70, 90, 97] - 906.4724000000022
[120, 56, 67] - 799.9329249999989
[120, 56, 71] - 796.4988370000011
[104, 23, 88] - 857.7139789999986
[24, 66, 97] - 933.1896860000003
[24, 67, 90] - 888.177999000001
[24, 67, 94] - 797.5679850000005
[24, 67, 97] - 828.2347420000004
[86, 94, 97] - 797.4961140000001
[120, 57, 90] - 847.976331
[120, 57, 94] - 849.9953039999999
[36, 9, 97] - 979.7091979999988
[120, 57, 97] - 808.9640110000009
[108, 94, 97] - 869.6409159999998
[12, 88, 90] - 845.1657299999997
[70, 94, 97] - 913.5938429999998
[12, 88, 94] - 840.8430250000013
[11, 36, 41] - 915.1126390000012
[38, 63, 90] - 916.6400690000006
[38, 63, 94] - 836.1612560000007
[38, 63, 97] - 840.955861999998
[11, 36, 67] - 895.3801720000006
[11, 38, 41] - 918.3289999999996
[11, 36, 71] - 790.972715999999
[24, 70, 90] - 972.0252840000006
[24, 70, 94] - 975.7992460000003
[11, 38, 67] - 877.5779509999991
[24, 70, 97] - 913.439275000001
[11, 38, 71] - 773.5560460000004
[12, 90, 97] - 1005.6490040000007
[24, 71, 90] - 854.921467000001
[24, 71, 94] - 766.7161999999993
[24, 71, 97] - 798.0922859999998
[5, 88, 90] - 916.7277380000002
[5, 88, 94] - 912.8063220000001
[5, 88, 97] - 851.0711870000006
[38, 66, 90] - 949.6677830000009
[120, 63, 90] - 786.0593450000008
[38, 66, 94] - 953.6015669999997
[38, 66, 97] - 931.9477349999986
[120, 63, 97] - 793.0449439999998
[104, 31, 36] - 949.1586680000021
[104, 31, 38] - 891.3131409999977
[104, 31, 41] - 986.0827399999984
[100, 24, 42] - 776.030543000001
[31, 88, 90] - 949.5496320000005
[31, 88, 94] - 949.7385670000006
[104, 31, 57] - 776.6589949999992
[104, 31, 67] - 955.4953029999997
[104, 31, 71] - 957.2942969999989
[114, 2, 24] - 770.4077020000003
[12, 94, 97] - 918.6644269999991
[100, 24, 79] - 846.191749999999
[11, 41, 90] - 918.178183000002
[114, 2, 36] - 760.3275709999992
[11, 41, 94] - 913.9617199999996
[104, 31, 90] - 1026.364092000001
[100, 24, 88] - 800.5380670000004
[11, 41, 97] - 823.5738639999997
[104, 31, 94] - 937.641529999999
[104, 31, 97] - 849.4051829999986
[120, 67, 71] - 802.851554999999
[120, 67, 90] - 1018.877270000002
[120, 67, 94] - 969.9581890000004
[120, 67, 97] - 979.8261430000032
[114, 2, 90] - 771.5594909999992
[114, 2, 94] - 765.0912489999987
[38, 70, 90] - 900.2890949999986
[38, 70, 94] - 908.7463029999982
[38, 70, 97] - 906.2471150000017
[104, 36, 5] - 804.9797179999988
[104, 36, 56] - 894.8292820000003
[38, 71, 79] - 977.5870650000002
[16, 90, 94] - 875.2504530000003
[16, 90, 97] - 817.0722780000001
[38, 71, 88] - 967.3656979999998
[104, 38, 56] - 846.1745519999998
[104, 38, 57] - 934.9492499999993
[104, 38, 79] - 896.6499679999985
[24, 79, 88] - 891.1365699999967
[104, 38, 88] - 892.1648639999999
[114, 24, 36] - 916.3813840000012
[114, 24, 38] - 762.7915079999988
[24, 79, 97] - 991.3907110000026
[114, 24, 42] - 779.4001540000002
[114, 24, 63] - 866.9414470000011
[16, 94, 97] - 824.5858260000002
[120, 71, 90] - 1008.561882999999
[120, 71, 94] - 958.5451269999984
[120, 71, 97] - 969.3859730000004
[114, 24, 90] - 929.0598090000002
[63, 90, 94] - 967.1278629999989
[114, 24, 94] - 922.196559
[104, 41, 56] - 852.0341490000005
[104, 41, 57] - 900.7237239999993
[63, 90, 97] - 846.1072729999995
[114, 24, 97] - 780.4050759999996
[104, 41, 79] - 823.5454580000005
[104, 41, 88] - 825.3458900000018
[38, 77, 90] - 783.1128699999994
[38, 77, 94] - 784.2586539999977
[38, 77, 97] - 787.3498869999995
[63, 94, 97] - 766.3664029999989
[100, 36, 38] - 812.1227700000013
[100, 36, 42] - 774.5737089999991
[100, 36, 63] - 825.4751939999983
[38, 79, 88] - 958.884715999999
[100, 36, 79] - 880.0067989999984
[100, 36, 88] - 837.6564340000015
[100, 38, 63] - 817.3651470000001
[100, 38, 90] - 810.1888739999981
[100, 38, 94] - 807.160805000001
[120, 79, 90] - 785.3383670000003
[120, 79, 94] - 785.0091279999991
[24, 88, 97] - 948.3234329999999
[104, 5, 67] - 768.3490979999981
[114, 36, 38] - 845.7420150000002
[104, 5, 90] - 825.2180859999988
[114, 36, 42] - 781.6756179999987
[104, 5, 94] - 795.7821220000004
[100, 42, 90] - 773.3046519999984
[104, 5, 97] - 768.5015859999997
[100, 42, 94] - 771.0124860000009
[100, 42, 97] - 778.6329719999985
[114, 36, 63] - 949.7319909999981
[114, 36, 90] - 1014.3242280000019
[114, 38, 63] - 818.6809279999991
[114, 36, 94] - 1001.3705970000008
[114, 36, 97] - 781.7515329999999
[38, 86, 90] - 792.7950729999982
[38, 86, 94] - 793.6279329999996
[38, 86, 97] - 791.1698279999996
[114, 38, 90] - 854.9475960000005
[6, 67, 90] - 838.5584069999984
[114, 38, 94] - 850.5290319999987
[6, 67, 94] - 808.1695200000005
[6, 67, 97] - 794.1329029999994
[104, 56, 57] - 885.7278350000009
[104, 55, 90] - 786.8572169999984
[104, 56, 67] - 826.0873029999992
[104, 56, 71] - 834.0415949999986
[114, 42, 90] - 779.5519669999987
[114, 42, 94] - 777.4126840000016
[114, 42, 97] - 786.3706679999996
[104, 56, 90] - 890.362756999998
[104, 56, 94] - 888.8188869999981
[104, 57, 67] - 957.7696899999987
[104, 56, 97] - 887.6507919999995
[104, 57, 71] - 959.3771919999999
[6, 71, 90] - 785.9192609999999
[6, 71, 94] - 758.6821609999998
[104, 57, 97] - 974.873051999999
[11, 67, 90] - 888.2341719999998
[11, 67, 94] - 881.7441299999978
[11, 67, 97] - 822.8351509999999
[55, 67, 90] - 838.589714000002
[1, 104, 128] - 768.524841000001
[11, 71, 90] - 780.2270660000006
[11, 71, 94] - 774.794916000001
[1, 104, 31] - 981.3271029999984
[100, 56, 79] - 796.8579320000009
[122, 36, 41] - 941.0142680000024
[100, 56, 88] - 797.0742139999988
[1, 104, 56] - 759.7026979999986
[1, 104, 57] - 780.9324559999993
[122, 36, 79] - 827.3498699999982
[1, 104, 88] - 762.9652120000005
[122, 36, 88] - 828.8163299999994
[1, 108, 36] - 776.5559499999996
[122, 36, 90] - 1001.7669089999988
[122, 36, 94] - 1006.7868850000009
[104, 67, 79] - 979.1564969999995
[122, 36, 97] - 868.2452100000014
[104, 67, 88] - 977.0407410000004
[107, 36, 90] - 852.0473960000012
[107, 36, 94] - 846.7685329999988
[107, 36, 97] - 846.4264139999992
[1, 108, 90] - 793.1665000000005
[1, 108, 94] - 778.3412289999987
[1, 108, 97] - 797.2407459999986
[122, 41, 79] - 765.7963240000003
[122, 41, 88] - 768.8437589999992
[122, 41, 90] - 942.173279999998
[122, 41, 94] - 946.357351999999
[122, 41, 97] - 806.1316809999998
[100, 63, 90] - 823.731228999999
[100, 63, 94] - 820.7735120000001
[104, 71, 79] - 898.4897989999993
[104, 71, 88] - 895.2677939999988
[29, 90, 94] - 914.5496849999985
[29, 90, 97] - 911.1099220000015
[55, 79, 90] - 811.0473610000006
[55, 79, 94] - 794.5800740000004
[13, 90, 94] - 882.1976930000022
[13, 90, 97] - 917.3820049999998
[29, 94, 97] - 912.9969319999994
[114, 63, 90] - 950.2035760000006
[114, 63, 94] - 943.238600000001
[13, 94, 97] - 846.0786129999991
[104, 79, 88] - 944.0293359999982
[104, 79, 97] - 930.4398670000003
[56, 57, 67] - 828.0298720000006
[56, 57, 71] - 833.0723800000012
[56, 57, 90] - 887.996074
[56, 57, 94] - 890.902047999999
[56, 57, 97] - 887.184062999999
[55, 88, 90] - 761.3421919999984
[56, 6, 90] - 906.6193539999989
[56, 6, 94] - 906.5886689999992
[56, 6, 97] - 911.6438420000002
[1, 128, 23] - 765.7665910000006
[100, 79, 90] - 870.7099269999972
[100, 79, 94] - 880.4918170000004
[100, 79, 97] - 840.4775720000016
[1, 128, 36] - 798.4432920000017
[1, 128, 56] - 763.9767580000002
[1, 128, 57] - 769.1049399999991
[1, 128, 67] - 785.9169550000004
[1, 128, 71] - 769.6415320000011
[2, 24, 29] - 788.1144299999995
[23, 31, 36] - 859.5030349999995
[104, 88, 97] - 932.8491009999997
[23, 31, 38] - 844.8609280000002
[1, 128, 90] - 792.3483729999994
[23, 31, 41] - 859.7747239999989
[1, 128, 94] - 788.5911640000022
[1, 128, 97] - 786.5882670000008
[2, 24, 42] - 833.8507300000006
[23, 31, 57] - 772.4019700000005
[23, 31, 67] - 855.1686849999991
[2, 24, 66] - 955.0646620000014
[23, 31, 71] - 854.7289930000012
[2, 24, 70] - 916.8229579999992
[23, 31, 90] - 855.6969380000002
[23, 31, 94] - 850.8439940000001
[12, 24, 90] - 772.1852090000002
[23, 36, 56] - 896.1197590000013
[23, 36, 57] - 941.9779199999989
[2, 29, 38] - 912.4922970000001
[2, 29, 36] - 910.0135129999991
[23, 36, 79] - 906.6537290000008
[23, 38, 57] - 890.554086999998
[23, 38, 56] - 847.7697159999994
[23, 36, 88] - 906.0136650000006
[23, 38, 79] - 860.5148690000003
[23, 38, 88] - 851.1842140000009
[2, 29, 90] - 915.4300769999993
[2, 29, 94] - 916.6626139999996
[2, 29, 97] - 912.2412260000012
[100, 88, 90] - 832.6883340000014
[108, 36, 67] - 762.373635000001
[100, 88, 94] - 836.0794330000024
[100, 88, 97] - 801.0747039999999
[23, 41, 56] - 855.6141509999991
[23, 41, 57] - 900.3967900000006
[108, 36, 90] - 868.616916999999
[108, 36, 94] - 868.4102339999992
[108, 36, 97] - 869.4208259999996
[1, 23, 31] - 815.8933429999998
[1, 23, 56] - 760.1179739999999
[1, 23, 57] - 775.9629399999994
[36, 38, 42] - 948.1802129999993
[2, 36, 42] - 939.9732469999974
[36, 38, 63] - 841.5440170000008
[36, 38, 66] - 940.7754809999999
[36, 38, 70] - 906.3685169999992
[2, 36, 56] - 856.7036039999978
[2, 36, 55] - 797.4037919999997
[2, 36, 57] - 783.5310419999992
[36, 38, 77] - 782.8194360000015
[2, 36, 66] - 942.4815079999992
[2, 36, 70] - 913.6995080000015
[2, 38, 42] - 883.6583829999997
[36, 38, 86] - 792.1486769999989
[2, 38, 55] - 761.453281
[2, 38, 56] - 849.162968000001
[2, 38, 66] - 953.600399999998
[2, 38, 70] - 910.0813199999999
[56, 79, 88] - 862.6869249999999
[12, 36, 79] - 843.7730040000009
[36, 41, 6] - 1009.9126009999998
[12, 36, 88] - 843.2137029999999
[128, 23, 36] - 776.7673989999997
[12, 36, 97] - 921.5791889999999
[128, 23, 56] - 768.8051830000002
[128, 23, 57] - 771.6321889999984
[36, 42, 56] - 778.5162959999969
[36, 41, 9] - 908.2895380000008
[128, 23, 67] - 771.0429140000015
[36, 42, 63] - 767.3107900000006
[12, 38, 90] - 818.2421210000001
[128, 23, 71] - 775.2741650000007
[128, 23, 90] - 772.5367369999991
[128, 23, 94] - 770.7546460000008
[128, 23, 97] - 769.6037830000026
[114, 90, 94] - 1014.0244950000009
[114, 90, 97] - 780.0514880000005
[77, 90, 94] - 795.5106109999997
[77, 90, 97] - 796.5514619999999
[31, 36, 38] - 930.7692880000008
[2, 42, 90] - 939.5816080000001
[2, 42, 94] - 929.1230950000004
[2, 42, 97] - 943.9560960000001
[122, 79, 88] - 831.704396
[122, 79, 90] - 825.501723999998
[1, 31, 38] - 955.7666019999998
[31, 36, 57] - 813.924427
[122, 79, 94] - 828.9916910000006
[120, 128, 36] - 799.8516279999998
[31, 38, 41] - 941.5290399999981
[1, 31, 57] - 770.0589660000005
[31, 36, 79] - 988.3192779999981
[16, 36, 41] - 838.3077560000011
[31, 36, 88] - 954.3737259999986
[31, 38, 57] - 770.0094190000015
[66, 70, 90] - 762.7668550000005
[66, 70, 94] - 764.0896290000005
[31, 38, 67] - 986.9596950000013
[1, 31, 79] - 946.3039580000001
[114, 94, 97] - 777.1798239999993
[31, 38, 71] - 964.5580659999991
[1, 31, 88] - 921.4986899999998
[77, 94, 97] - 797.7787790000002
[120, 128, 90] - 801.685777
[31, 38, 90] - 1003.8709359999984
[120, 128, 94] - 799.741241000001
[120, 128, 97] - 798.3730399999996
[31, 38, 94] - 919.6949179999981
[31, 38, 97] - 874.697813
[16, 36, 90] - 877.3412110000019
[16, 36, 94] - 882.8505930000016
[16, 36, 97] - 825.4910979999993
[41, 56, 57] - 851.9077089999992
[31, 41, 57] - 783.1966810000001
[41, 55, 97] - 909.649212999998
[1, 36, 5] - 877.5232170000012
[41, 56, 79] - 792.7710749999999
[1, 36, 57] - 822.2244809999996
[31, 41, 79] - 883.5314240000001
[41, 56, 88] - 793.9352079999992
[36, 5, 56] - 912.5297829999993
[36, 5, 57] - 829.8315760000004
[128, 31, 36] - 773.2976549999993
[128, 31, 38] - 763.8254590000004
[41, 57, 67] - 841.9732020000006
[31, 41, 88] - 887.1643640000007
[41, 57, 71] - 840.3197440000002
[23, 56, 57] - 890.0546949999999
[36, 5, 71] - 970.3916530000015
[23, 56, 67] - 828.1158189999993
[36, 5, 79] - 926.8333040000009
[23, 56, 71] - 835.1200650000001
[36, 5, 88] - 917.1581049999991
[23, 56, 90] - 891.4385790000006
[23, 56, 94] - 892.7497699999989
[23, 56, 97] - 888.5141019999998
[23, 57, 67] - 878.2726649999988
[16, 41, 90] - 828.8843279999993
[23, 57, 71] - 882.8457970000011
[16, 41, 94] - 838.5951969999996
[128, 31, 90] - 770.4920190000012
[16, 41, 97] - 778.937980000001
[128, 31, 94] - 766.5395039999999
[128, 31, 97] - 762.659796
[23, 57, 90] - 940.3812129999989
[23, 57, 94] - 940.467319
[23, 57, 97] - 891.3510529999996
[41, 6, 97] - 983.5451890000015
[1, 41, 5] - 834.1712759999988
[120, 2, 42] - 832.5026369999996
[24, 29, 36] - 782.9838890000015
[24, 29, 38] - 782.4169029999988
[120, 2, 56] - 788.1422329999995
[128, 36, 41] - 934.403504000002
[122, 88, 90] - 826.4301489999998
[128, 36, 67] - 1002.4101089999986
[122, 88, 94] - 826.728523999998
[128, 38, 41] - 937.681535
[128, 36, 71] - 978.1773360000001
[24, 29, 90] - 786.3840800000021
[24, 29, 94] - 787.3933599999992
[24, 29, 97] - 787.112174
[128, 38, 56] - 967.765751000001
[128, 38, 57] - 949.8012449999991
[128, 38, 67] - 909.3576069999989
[128, 38, 71] - 887.2974450000006
[36, 55, 67] - 760.0247660000003
[36, 55, 79] - 808.197482999998
[36, 56, 57] - 892.6490080000011
[36, 56, 6] - 903.7301030000028
[36, 55, 88] - 761.1497189999992
[57, 67, 71] - 939.3559380000002
[122, 90, 94] - 1006.2411369999991
[122, 90, 97] - 864.5050349999999
[36, 57, 67] - 979.1106389999999
[57, 67, 90] - 978.060164
[36, 57, 71] - 978.4718350000019
[120, 24, 42] - 843.6411359999998
[57, 67, 94] - 973.9406189999995
[57, 67, 97] - 932.966319
[2, 55, 90] - 808.6069180000002
[2, 55, 94] - 801.229861000002
[128, 41, 57] - 915.9975490000011
[120, 24, 63] - 790.6930649999995
[41, 67, 79] - 959.1131739999988
[2, 56, 90] - 857.8177310000013
[107, 90, 94] - 838.2097499999999
[107, 90, 97] - 839.7894170000004
[2, 56, 94] - 854.8871290000011
[2, 56, 97] - 858.2451729999992
[41, 67, 88] - 964.9119539999998
[128, 41, 90] - 938.4321569999998
[128, 41, 94] - 938.3105029999999
[128, 41, 97] - 913.5875609999999
[36, 6, 67] - 811.2871690000017
[36, 6, 71] - 761.499143
[2, 57, 90] - 790.140959999999
[2, 57, 94] - 786.8273430000007
[24, 36, 42] - 923.7901520000013
[24, 36, 5] - 901.8000590000008
[23, 67, 79] - 835.9797709999998
[122, 94, 97] - 875.0971900000019
[24, 36, 55] - 868.5217390000001
[24, 36, 6] - 778.3163749999998
[23, 67, 88] - 833.8188200000002
[24, 36, 63] - 888.9175979999998
[24, 36, 66] - 1003.6409279999991
[24, 36, 67] - 797.4245170000002
[11, 120, 36] - 763.7848969999995
[24, 36, 71] - 769.3996730000002
[24, 36, 70] - 974.502178
[24, 38, 42] - 839.5728879999999
[24, 38, 55] - 764.479102999999
[24, 38, 63] - 836.1925779999999
[24, 38, 66] - 952.0758599999997
[107, 94, 97] - 832.8660620000006
[24, 38, 70] - 908.1044330000013
[57, 71, 90] - 977.2681739999995
[11, 120, 90] - 758.0791440000002
[57, 71, 94] - 973.005110999999
[11, 120, 94] - 759.3532909999994
[57, 71, 97] - 933.7521110000005
[1, 5, 90] - 889.5231899999993
[1, 5, 94] - 867.3544189999983
[1, 5, 97] - 806.5048049999992
[36, 63, 90] - 974.3085990000004
[36, 63, 94] - 965.1412979999984
[36, 63, 97] - 767.9208490000007
[108, 67, 90] - 780.241353000001
[41, 71, 79] - 882.8269189999987
[108, 67, 94] - 759.7101439999999
[5, 56, 90] - 903.3805700000016
[108, 67, 97] - 781.4080869999987
[5, 56, 94] - 909.4348209999996
[5, 56, 97] - 901.3876919999982
[41, 71, 88] - 880.039796000001
[24, 41, 55] - 763.8570990000007
[31, 56, 67] - 940.4072720000001
[31, 56, 71] - 943.2728539999991
[5, 57, 90] - 829.8404370000009
[5, 57, 94] - 826.4979180000004
[5, 57, 97] - 816.6642280000011
[23, 71, 79] - 763.370508
[36, 66, 70] - 763.4302610000011
[31, 57, 67] - 788.9159310000016
[23, 71, 88] - 758.3406289999995
[24, 42, 63] - 768.0224499999991
[31, 57, 71] - 788.7669479999998
[36, 66, 90] - 1002.558093000001
[31, 57, 90] - 809.3705800000006
[36, 66, 94] - 1003.3349180000001
[36, 66, 97] - 931.7591690000004
[31, 57, 94] - 809.3603020000002
[31, 57, 97] - 759.845630000001
[24, 42, 90] - 925.0941950000001
[24, 42, 94] - 917.4316789999996
[24, 42, 97] - 930.0762749999988
[66, 90, 97] - 930.4784490000001
[2, 66, 90] - 951.1744789999991
[2, 66, 94] - 954.7965780000012
[2, 66, 97] - 932.7870520000005
[1, 56, 57] - 761.5127349999992
[100, 114, 120] - 760.799743000001
[1, 56, 67] - 973.6862750000004
[1, 56, 71] - 980.6479820000006
[120, 36, 42] - 935.2554950000007
[100, 114, 24] - 771.0499559999994
[1, 57, 67] - 792.0094729999996
[100, 114, 36] - 849.7031419999994
[120, 36, 57] - 849.843867999999
[100, 114, 38] - 808.0098800000006
[1, 57, 71] - 795.855693
[100, 114, 42] - 772.3963440000007
[120, 36, 67] - 977.7588889999992
[66, 94, 97] - 934.3634929999984
[120, 38, 41] - 771.1767809999997
[120, 36, 71] - 966.3977190000022
[120, 38, 42] - 835.9235409999984
[120, 36, 79] - 791.7992760000002
[38, 41, 5] - 918.9774830000003
[1, 57, 90] - 814.988463
[100, 114, 63] - 822.6983869999989
[1, 57, 94] - 815.6926749999984
[38, 41, 56] - 850.4341610000012
[1, 57, 97] - 793.5674859999986
[38, 41, 6] - 814.0217410000006
[36, 70, 90] - 969.7752039999998
[120, 38, 63] - 780.9845000000001
[36, 70, 94] - 973.071171
[120, 38, 67] - 933.4173109999999
[36, 70, 97] - 910.3911759999986
[120, 38, 71] - 922.6919310000003
[100, 114, 90] - 846.1774730000006
[100, 114, 94] - 840.3430419999996
[100, 114, 97] - 771.8599240000005
[38, 42, 63] - 759.5695219999996
[2, 70, 90] - 909.1616999999999
[2, 70, 94] - 915.2684970000005
[2, 70, 97] - 913.6690720000004
[5, 67, 71] - 841.9277209999987
[38, 42, 90] - 945.4614229999995
[38, 42, 94] - 939.0144799999987
[38, 42, 97] - 951.1867670000006
[23, 79, 90] - 906.5442829999973
[23, 79, 94] - 898.7127459999989
[23, 79, 97] - 807.9788319999986
[128, 56, 57] - 770.9767330000013
[5, 67, 97] - 979.4423339999997
[128, 56, 67] - 893.8222830000002
[128, 56, 71] - 894.4187059999991
[24, 5, 90] - 929.5524940000003
[24, 5, 94] - 910.9373290000003
[24, 5, 97] - 876.9748740000006
[120, 42, 56] - 771.879592
[128, 57, 67] - 857.4437300000014
[120, 41, 90] - 776.4167799999992
[128, 57, 71] - 856.4438240000009
[120, 42, 90] - 934.3864200000011
[120, 42, 94] - 933.5449889999988
[120, 42, 97] - 940.431445
[104, 128, 23] - 771.8937119999985
[100, 120, 24] - 766.8490110000006
[104, 128, 36] - 865.5607419999992
[104, 128, 38] - 773.194235
[100, 120, 36] - 762.8925450000003
[100, 120, 42] - 767.711752000001
[104, 128, 56] - 769.8439150000008
[104, 128, 57] - 858.0565789999997
[104, 128, 67] - 856.5738639999988
[104, 128, 71] - 856.5301030000003
[36, 77, 90] - 791.6875509999994
[36, 77, 94] - 791.8226839999998
[36, 77, 97] - 793.6299549999995
[104, 128, 90] - 862.8459820000007
[104, 128, 94] - 854.2998589999982
[5, 71, 90] - 985.2660750000027
[5, 71, 94] - 958.7499809999981
[100, 120, 90] - 762.7236040000006
[104, 128, 97] - 858.3707569999983
[100, 120, 94] - 763.6885189999988
[5, 71, 97] - 929.7987479999993
[100, 120, 97] - 767.9704190000004
[1, 67, 79] - 986.6075650000012
[1, 67, 88] - 980.0913850000004
[42, 56, 90] - 776.6303490000013
[42, 56, 94] - 775.8899939999999
[42, 56, 97] - 782.8291230000002
[38, 5, 67] - 841.0341689999996
[38, 5, 71] - 787.2268500000008
[24, 55, 90] - 962.6080220000026
[9, 90, 97] - 981.7410560000003
[24, 55, 94] - 873.0509749999977
[24, 55, 97] - 813.8604759999996
[24, 56, 79] - 800.2322180000007
[24, 56, 88] - 800.7396860000001
[29, 36, 38] - 904.8105149999994
[12, 79, 90] - 841.2440090000011
[114, 120, 24] - 768.7541630000001
[12, 79, 94] - 842.8905750000006
[23, 88, 90] - 895.7781879999989
[23, 88, 94] - 892.0388399999993
[114, 120, 36] - 771.609421999999
[9, 94, 97] - 980.9286250000018
[23, 88, 97] - 807.785737999999
[114, 120, 42] - 770.7123730000008
[41, 9, 90] - 911.4608649999992
[13, 36, 38] - 759.720641000001
[41, 9, 94] - 911.4341220000007
[41, 9, 97] - 854.8451339999993
[128, 67, 71] - 915.5470329999986
[29, 36, 90] - 909.7976710000013
[1, 71, 79] - 892.7207030000005
[24, 6, 90] - 803.4915829999999
[29, 36, 94] - 909.5921679999991
[29, 36, 97] - 906.8708419999996
[24, 6, 94] - 783.387812000002
[24, 6, 97] - 803.6073090000019
[1, 71, 88] - 876.6203620000006
[128, 67, 90] - 999.111669999999
[128, 67, 94] - 993.2674180000002
[128, 67, 97] - 1000.230324000002
[29, 38, 90] - 908.1528899999998
[114, 120, 90] - 771.1242970000002
[29, 38, 94] - 911.2499490000029
[114, 120, 94] - 772.1966600000009
[29, 38, 97] - 906.137737
[114, 120, 97] - 770.8258789999999
[13, 36, 90] - 878.5067819999977
[42, 63, 90] - 766.7063960000007
[13, 36, 94] - 886.3968340000002
[13, 36, 97] - 846.905947
[42, 63, 94] - 765.9609459999998
[42, 63, 97] - 771.1745360000017
[5, 79, 88] - 767.5165789999993
[5, 79, 90] - 927.9039719999997
[5, 79, 94] - 927.0873470000002
[13, 38, 90] - 835.0547609999993
[5, 79, 97] - 861.5309840000002
[13, 38, 94] - 760.6021890000026
[38, 56, 57] - 844.0747109999999
[13, 38, 97] - 800.0207139999994
[1, 107] - 987.1186
[1, 11] - 854.8453
[1, 122] - 930.4552000000003
[1, 24] - 987.6636999999992
[1, 39] - 836.0716000000009
[1, 55] - 929.3760999999982
[1, 6] - 962.9968999999992
[100, 12] - 826.5073999999995
[100, 2] - 988.8491999999998
[1, 9] - 956.7689999999972
[100, 45] - 963.0792999999985
[100, 67] - 898.6327999999978
[100, 71] - 896.9702999999987
[104, 107] - 832.0356999999985
[104, 108] - 893.3182
[104, 11] - 859.6557999999983
[104, 120] - 880.6397999999998
[104, 6] - 799.2282999999981
[107, 31] - 800.1910999999984
[107, 38] - 804.3875999999993
[107, 41] - 977.0343000000003
[108, 23] - 778.8725999999996
[107, 56] - 771.0200999999996
[108, 31] - 833.7396000000005
[107, 67] - 980.7742999999997
[108, 38] - 837.2555000000001
[108, 41] - 995.602499999998
[107, 71] - 920.2283999999985
[107, 79] - 799.4464000000005
[108, 56] - 802.512999999999
[107, 88] - 798.101799999999
[108, 71] - 991.2069999999994
[11, 128] - 839.2913999999987
[108, 79] - 832.4802999999996
[11, 2] - 987.5359999999995
[11, 23] - 900.5723999999994
[11, 24] - 937.7487999999979
[108, 88] - 842.5056999999989
[11, 5] - 809.3689000000012
[110, 2] - 893.1762
[11, 55] - 857.9791
[11, 56] - 979.5476999999986
[11, 57] - 910.2597000000012
[110, 29] - 887.977899999999
[110, 36] - 913.7811000000008
[110, 38] - 915.6294999999982
[110, 41] - 879.6183000000004
[11, 79] - 846.241599999997
[110, 57] - 885.4230000000002
[11, 88] - 817.4199
[110, 90] - 915.477999999999
[110, 94] - 917.8242999999981
[110, 97] - 910.6043999999989
[114, 45] - 968.1396999999994
[114, 56] - 977.2417999999991
[114, 79] - 779.6867999999981
[119, 36] - 775.548199999999
[12, 2] - 795.1362999999989
[12, 41] - 869.2763999999991
[120, 13] - 779.1862999999981
[119, 79] - 775.261099999999
[12, 56] - 964.6458999999984
[119, 88] - 770.7029000000014
[120, 29] - 764.6928999999999
[119, 90] - 775.397000000001
[119, 94] - 772.7680999999978
[12, 67] - 993.864800000001
[12, 71] - 998.0686999999992
[120, 45] - 962.1823999999991
[120, 5] - 961.9207999999996
[120, 6] - 923.7353999999992
[120, 66] - 872.8116999999997
[121, 36] - 964.3778999999995
[121, 38] - 961.058399999999
[120, 70] - 840.2810999999988
[121, 41] - 923.3773000000007
[120, 77] - 764.6471999999995
[122, 24] - 981.415499999999
[120, 86] - 766.7163999999995
[121, 57] - 864.188599999998
[120, 88] - 986.2923999999999
[121, 90] - 960.1264999999984
[121, 94] - 954.9236000000018
[121, 97] - 940.3031000000011
[128, 5] - 887.0259000000001
[13, 24] - 811.5185999999977
[128, 6] - 763.6936999999996
[13, 56] - 943.8743999999994
[13, 67] - 944.3092999999998
[13, 71] - 882.613
[16, 24] - 795.9685999999991
[16, 38] - 791.5145000000001
[16, 57] - 789.4778999999994
[2, 41] - 956.0552000000004
[2, 45] - 971.1836999999996
[2, 5] - 969.1484999999992
[2, 6] - 883.6352000000003
[2, 63] - 991.6453999999989
[2, 67] - 866.3328999999999
[20, 36] - 839.8924000000012
[20, 38] - 826.8417999999995
[2, 71] - 857.5118999999991
[2, 79] - 965.4679
[20, 56] - 804.7429999999997
[2, 88] - 942.3281999999992
[20, 90] - 850.2202999999995
[20, 94] - 838.898700000001
[20, 97] - 808.1379999999988
[23, 5] - 916.172999999999
[23, 6] - 783.897899999998
[24, 31] - 1011.2386999999986
[24, 39] - 847.0004999999991
[24, 45] - 969.7597999999999
[24, 57] - 885.5000999999997
[24, 9] - 873.395
[29, 41] - 883.1559999999997
[29, 57] - 890.3175999999995
[29, 66] - 893.4657999999987
[29, 70] - 892.4576999999998
[31, 39] - 794.932299999999
[31, 5] - 958.7589999999994
[31, 6] - 912.3967000000002
[31, 9] - 951.9285999999988
[36, 39] - 890.204700000001
[36, 45] - 968.1648999999991
[36, 50] - 882.6211999999982
[36, 60] - 768.1295000000009
[38, 45] - 957.7812000000002
[38, 9] - 934.4422999999988
[39, 79] - 892.5987000000005
[39, 88] - 854.6797999999978
[39, 90] - 892.7047999999991
[39, 94] - 891.2456999999994
[41, 50] - 771.4913999999982
[41, 66] - 830.9126999999984
[41, 70] - 806.7655999999988
[42, 45] - 976.2890999999967
[42, 67] - 903.8820999999991
[42, 71] - 860.984199999999
[42, 79] - 931.849699999998
[42, 88] - 876.085
[45, 56] - 974.4846999999993
[45, 63] - 970.5340999999994
[45, 90] - 967.7839000000013
[45, 94] - 966.9538000000002
[45, 97] - 976.7661999999976
[5, 55] - 937.1985999999979
[50, 90] - 880.1351999999986
[50, 94] - 875.5846999999989
[50, 97] - 823.6581999999994
[55, 57] - 947.5774000000004
[55, 66] - 854.8358999999992
[55, 70] - 810.1495999999987
[55, 71] - 970.8445999999986
[56, 63] - 979.0378999999988
[56, 77] - 813.5938999999997
[56, 86] - 820.2493999999991
[57, 6] - 1009.1017999999997
[56, 9] - 799.6114999999999
[57, 9] - 950.0843999999998
[6, 79] - 934.1346999999997
[6, 88] - 931.8438999999996
[60, 79] - 770.3571000000003
[60, 88] - 772.7486000000001
[60, 90] - 763.7903999999999
[60, 94] - 766.8702999999983
[60, 97] - 768.8287999999978
[63, 67] - 806.4750999999998
[63, 71] - 781.332600000001
[67, 9] - 821.1853000000012
[71, 9] - 816.9160999999988
[102] - 970.7400000000001
[125] - 857.2100000000002
[21] - 784.9200000000003
[22] - 805.0400000000012
[44] - 834.7400000000002
[53] - 926.5999999999996
