Total itemsets found: 94
Elapsed time: 1849ms
[29, 58] - 1793.214700000001
[36, 66] - 1639.1288000000002
[29, 60] - 1758.8977999999984
[62, 66] - 1629.7466999999979
[25, 58] - 1615.503299999999
[66, 7] - 1639.762700000001
[48, 52] - 1682.6530000000046
[29, 62] - 1722.9364000000005
[36, 7] - 1671.7137999999995
[40, 48] - 1691.1628000000005
[62, 7] - 1656.6206999999977
[29, 66] - 1698.7947
[40, 5] - 1670.516200000003
[48, 58] - 1689.3009999999972
[40, 52] - 1791.1899000000062
[29, 7] - 1730.780699999999
[48, 60] - 1666.324199999994
[48, 62] - 1612.4467999999981
[40, 56] - 1696.0808000000015
[40, 58] - 1801.376400000002
[48, 66] - 1612.2610000000025
[29, 9] - 1617.3319999999992
[40, 60] - 1765.2136000000025
[40, 62] - 1733.081500000005
[48, 7] - 1624.6174999999982
[40, 66] - 1702.941700000002
[40, 7] - 1734.8888999999986
[56, 58] - 1696.0040999999987
[34, 36] - 1639.2952000000032
[52, 56] - 1690.5063999999943
[56, 60] - 1662.306400000003
[52, 58] - 1785.3291999999972
[56, 62] - 1641.6385999999973
[34, 40] - 1704.5125999999987
[40, 9] - 1617.9262000000015
[52, 60] - 1754.7741999999998
[56, 66] - 1598.8262999999988
[52, 62] - 1712.816500000004
[52, 66] - 1692.674900000004
[56, 7] - 1638.4465000000016
[34, 5] - 1616.2952000000014
[52, 7] - 1725.5075000000033
[34, 52] - 1691.848000000003
[34, 56] - 1611.3998000000038
[34, 58] - 1698.345099999997
[52, 9] - 1607.7301999999981
[34, 60] - 1667.1665000000023
[34, 62] - 1632.2950000000037
[60, 62] - 1690.679499999999
[5, 52] - 1657.5516
[34, 66] - 1612.2446000000032
[60, 66] - 1688.5084999999972
[34, 7] - 1642.3082000000002
[5, 58] - 1664.7376000000004
[60, 7] - 1698.529099999999
[5, 60] - 1633.0563999999997
[5, 62] - 1606.302700000004
[5, 7] - 1609.0744999999988
[29, 3] - 1600.8579000000018
[58, 60] - 1761.567199999995
[25, 29] - 1614.5411999999985
[58, 62] - 1725.2637000000025
[36, 40] - 1738.2931999999996
[29, 34] - 1701.5418999999988
[29, 36] - 1731.142400000004
[58, 66] - 1700.814400000002
[36, 48] - 1669.4932999999985
[29, 40] - 1797.0956000000012
[58, 7] - 1730.968599999998
[36, 5] - 1607.1388999999965
[25, 40] - 1614.5729999999955
[36, 52] - 1724.9739000000018
[29, 48] - 1684.764799999997
[58, 9] - 1616.9866999999972
[36, 56] - 1633.8378000000037
[29, 5] - 1667.0223000000003
[36, 58] - 1738.255900000002
[29, 52] - 1784.6586000000013
[36, 60] - 1702.9951000000021
[36, 62] - 1661.988200000004
[29, 56] - 1693.514899999996
[25, 52] - 1610.7611000000006
[17] - 1873.379999999999
[21] - 1666.7100000000016
[27] - 1642.0000000000007
[31] - 1894.0900000000006
[38] - 1651.880000000001
[42] - 2043.6000000000026
[44] - 1953.4000000000012
[46] - 1909.2699999999968
[54] - 1652.6299999999992
[64] - 1976.83
[72] - 1757.7800000000054
[74] - 1813.9199999999998
