Total itemsets found: 647
Elapsed time: 91312ms
[10311, 12487, 12703, 32213] - 62.14019394000002
[10295, 10307, 10311, 10315] - 64.46578323000001
[10311, 12483, 12487] - 132.556612
[12479, 12483, 12487] - 81.11342200000004
[33433, 33453, 33469] - 79.87576899999999
[12483, 12487, 12703] - 110.34322999999998
[10315, 12487, 12703] - 74.79082600000001
[10311, 10315, 12483] - 75.94996499999998
[10311, 10315, 12487] - 97.79732199999994
[12703, 32213, 34893] - 81.97716300000003
[10311, 12483, 12703] - 79.42388500000001
[12487, 32213, 34893] - 76.13503999999999
[12483, 12487, 12875] - 95.90343999999992
[10307, 10311, 12487] - 69.99141399999999
[10311, 10315, 12703] - 84.37896100000002
[10311, 12483, 12875] - 61.09731800000001
[10295, 10299, 10307] - 122.11250200000002
[10299, 10307, 10311] - 90.30757100000002
[10295, 10299, 10311] - 75.81562799999998
[10299, 10307, 10315] - 68.65183400000002
[10295, 10299, 10315] - 60.123015
[10307, 10311, 12703] - 69.52489499999999
[10311, 12487, 12875] - 95.35737499999996
[32201, 32205, 32213] - 62.517349
[10307, 10311, 12895] - 65.03454299999999
[10311, 32213, 34893] - 65.69530599999999
[10315, 12487, 32213] - 66.027925
[12483, 12487, 32213] - 83.716098
[12483, 12487, 34893] - 70.13254099999995
[10295, 10307, 12487] - 61.61717000000003
[10295, 10315, 10335] - 63.44804899999999
[10311, 12483, 32213] - 60.625174
[10295, 10311, 12483] - 62.714119000000004
[10295, 10311, 12487] - 76.58935399999991
[10311, 10315, 32213] - 65.09993400000003
[10295, 10307, 12679] - 61.463063000000005
[10295, 10307, 12695] - 87.72854100000006
[10295, 10307, 12703] - 64.60452599999999
[10311, 12487, 34893] - 67.27117999999997
[10295, 10315, 12487] - 61.99736799999998
[10295, 10311, 12695] - 63.216718000000036
[10295, 10307, 12827] - 60.942868
[10295, 10307, 12831] - 59.855557999999995
[10295, 10311, 12703] - 77.66682500000005
[10295, 10307, 12895] - 103.702088
[10295, 10311, 12895] - 78.926747
[10295, 10315, 12895] - 71.81914300000001
[12487, 12695, 12703] - 88.13678099999997
[10295, 10307, 33449] - 62.29450699999998
[10307, 12815, 12895] - 62.013958
[12895, 33449, 33469] - 78.44325099999995
[12487, 12703, 12875] - 92.45547800000006
[10311, 12695, 12703] - 81.70361299999996
[12487, 12571, 12703] - 67.65625299999998
[10307, 12827, 12895] - 67.17829800000004
[12691, 12695, 12703] - 66.17404100000002
[12695, 12703, 12895] - 69.22346700000003
[10311, 12703, 12875] - 69.29384999999998
[34889, 34901, 34905] - 60.62031700000001
[12487, 12703, 34893] - 93.36212899999998
[12679, 12683, 12703] - 60.92580899999998
[12683, 12695, 12703] - 66.013817
[12483, 12703, 32213] - 65.945795
[10315, 12703, 32213] - 61.99982500000004
[10295, 33449, 33469] - 67.957631
[12487, 12571, 32213] - 60.78446399999999
[12431, 12751, 18863] - 73.62220099999999
[12679, 12827, 12895] - 61.157369
[10295, 12827, 12895] - 65.74562499999999
[12679, 12695, 12703] - 82.17539599999998
[12815, 12827, 12895] - 83.97935100000001
[10295, 12695, 12703] - 66.499937
[10311, 12703, 34893] - 66.86595499999996
[33449, 33453, 33469] - 93.12204299999999
[12703, 12875, 32213] - 63.752221999999996
[12487, 12875, 32213] - 68.459889
[12703, 12875, 34893] - 63.18324000000001
[12487, 12875, 34893] - 79.49977099999995
[10315, 12483, 12487] - 80.03628300000003
[33433, 33449, 33469] - 121.47722799999997
[12795, 12819, 12831] - 61.95852600000002
[33433, 33449, 33453] - 70.34176900000003
[12603, 12611] - 66.0356
[12571, 34893] - 79.99890000000002
[12743, 12759] - 77.06
[12603, 12621] - 109.00020000000006
[12875, 12895] - 140.25130000000001
[12743, 12763] - 106.67929999999998
[12463, 12483] - 62.9878
[12463, 12487] - 120.00749999999994
[12463, 12491] - 69.98380000000002
[12463, 12495] - 69.317
[12743, 12779] - 87.9704
[12575, 32213] - 72.69710000000005
[12747, 12751] - 89.19970000000002
[10303, 10307] - 76.11140000000002
[10295, 12463] - 79.26080000000002
[12747, 12755] - 65.47350000000002
[10295, 12479] - 84.02740000000003
[12463, 12691] - 68.33709999999999
[12463, 12695] - 64.02470000000004
[12751, 12755] - 64.8
[34921, 34925] - 78.6369
[12611, 12621] - 127.66440000000006
[34921, 34929] - 59.675499999999985
[10307, 10331] - 60.6284
[10295, 12627] - 68.88929999999998
[10307, 10335] - 86.78780000000002
[12339, 12387] - 76.65410000000001
[12463, 12795] - 66.8242
[10295, 12663] - 71.25150000000001
[10295, 12683] - 94.59219999999999
[10295, 12691] - 98.77980000000005
[12463, 12831] - 60.0536
[12611, 12755] - 79.54190000000001
[34925, 34929] - 65.53479999999999
[12755, 12767] - 62.35240000000001
[12751, 12895] - 82.5051
[12755, 12771] - 111.8803
[10295, 12759] - 65.0378
[12463, 12895] - 69.1491
[10311, 10335] - 91.4377
[10295, 12763] - 64.307
[10295, 12795] - 112.92579999999998
[10295, 12815] - 89.37279999999998
[10295, 12819] - 114.666
[10299, 12695] - 62.77800000000001
[12759, 12763] - 98.09850000000004
[10295, 12875] - 71.84830000000001
[12347, 12355] - 62.508999999999986
[10307, 12479] - 88.06809999999996
[12759, 12771] - 69.0194
[10307, 12483] - 133.89920000000004
[10315, 10331] - 141.7323
[12759, 12779] - 79.66550000000001
[10315, 10339] - 133.50160000000002
[12875, 33449] - 60.00349999999998
[12759, 12895] - 62.944
[10311, 12479] - 87.71609999999995
[10307, 12621] - 102.9232
[10307, 12627] - 65.65470000000005
[12763, 12779] - 113.28169999999997
[10299, 12895] - 69.58659999999999
[12621, 12783] - 63.649
[10307, 12655] - 67.81089999999999
[10307, 12663] - 108.95399999999997
[12627, 12691] - 79.07109999999997
[10307, 12683] - 99.22040000000004
[12479, 12695] - 66.2722
[10307, 12687] - 64.04690000000002
[10307, 12691] - 91.41789999999999
[12483, 12571] - 69.02189999999999
[10311, 12571] - 100.69509999999997
[10311, 12575] - 74.31750000000001
[10315, 12463] - 63.60539999999997
[12763, 12895] - 61.5707
[10315, 12479] - 91.4434
[12487, 12491] - 59.98939999999999
[10311, 12621] - 62.62409999999999
[12621, 12895] - 76.8975
[12487, 12495] - 82.01719999999996
[32197, 32205] - 77.76169999999999
[10307, 12759] - 76.9466
[32197, 32209] - 60.44410000000002
[35153, 35165] - 59.775499999999965
[10307, 12763] - 64.43320000000001
[35153, 35169] - 71.17100000000003
[10307, 12779] - 59.77029999999999
[10311, 12663] - 68.41340000000001
[10307, 12795] - 103.79619999999997
[12483, 12679] - 79.93240000000002
[12483, 12687] - 71.24499999999999
[10311, 12679] - 109.57650000000008
[12483, 12691] - 59.63719999999999
[10311, 12683] - 69.03190000000002
[12483, 12695] - 104.43120000000005
[10307, 12819] - 103.61719999999998
[12355, 12431] - 70.16329999999999
[12487, 12575] - 76.19899999999998
[10315, 12571] - 66.21719999999995
[10307, 12875] - 66.8546
[12483, 12759] - 66.9855
[10315, 12621] - 97.64709999999995
[12491, 12495] - 66.2701
[10311, 12759] - 67.2859
[12479, 12895] - 71.75429999999997
[32201, 32209] - 105.86629999999995
[35157, 35169] - 67.30800000000004
[10315, 12663] - 66.39890000000001
[10311, 12795] - 67.38030000000002
[12487, 12679] - 90.57430000000001
[12487, 12683] - 69.77890000000001
[12487, 12687] - 64.10549999999999
[10315, 12679] - 126.62060000000001
[12487, 12691] - 74.11090000000002
[10315, 12683] - 74.56800000000004
[10311, 12815] - 64.69010000000002
[10311, 12819] - 70.64080000000004
[12483, 12827] - 85.38840000000008
[10315, 12691] - 77.98919999999995
[12483, 12831] - 91.0901
[10315, 12695] - 130.82350000000008
[10311, 12827] - 95.33370000000002
[10311, 12831] - 94.43870000000001
[10315, 12715] - 61.89279999999999
[10315, 12723] - 60.198399999999985
[10315, 12759] - 78.89660000000003
[12483, 12895] - 102.2707
[10331, 10335] - 130.56870000000004
[32205, 32209] - 98.05270000000003
[10315, 12763] - 61.76760000000001
[12895, 18863] - 141.39600000000013
[12487, 12795] - 66.18840000000002
[12355, 12663] - 66.60709999999996
[10315, 12795] - 78.81529999999997
[10295, 32201] - 65.0389
[10295, 32205] - 90.7934
[32205, 33449] - 89.25800000000004
[10295, 32213] - 94.7495
[10315, 12815] - 64.16460000000002
[10315, 12819] - 86.796
[12487, 12827] - 88.594
[12487, 12831] - 92.7332
[32205, 33469] - 68.29979999999999
[10315, 12827] - 98.95599999999995
[10295, 33433] - 78.62360000000004
[10315, 12831] - 128.9334
[10315, 12875] - 115.87689999999998
[12487, 12895] - 128.5667
[12647, 12651] - 69.81500000000001
[35165, 35169] - 65.52879999999996
[12779, 12787] - 62.97289999999999
[12647, 12655] - 102.72119999999998
[12621, 18863] - 90.90579999999999
[12895, 32205] - 66.42259999999999
[12355, 12783] - 84.71449999999997
[12647, 12667] - 69.2372
[12895, 32213] - 71.31030000000001
[12367, 12395] - 72.396
[12367, 12403] - 63.9551
[12895, 33433] - 75.99170000000001
[12895, 33453] - 66.00469999999999
[12367, 12431] - 67.64620000000001
[12895, 34885] - 89.57420000000005
[12895, 34897] - 64.36610000000002
[10331, 12483] - 66.176
[12355, 12895] - 97.77569999999993
[12783, 12787] - 79.96419999999999
[10303, 32209] - 62.65670000000001
[32213, 33449] - 83.49839999999995
[32213, 33469] - 65.6254
[12783, 12895] - 85.29960000000004
[10335, 12483] - 62.960799999999985
[12655, 12667] - 63.44959999999997
[10307, 32201] - 88.63310000000003
[10307, 32205] - 88.1788
[10307, 32209] - 68.53240000000002
[10307, 32213] - 103.53160000000003
[12339, 35185] - 139.33390000000003
[10307, 33433] - 78.85779999999995
[12627, 33449] - 66.75640000000001
[10307, 33469] - 139.0208
[10339, 12483] - 64.14140000000002
[47945, 47949] - 81.45710000000004
[47945, 47953] - 65.83380000000001
[12483, 32205] - 81.62209999999999
[12795, 12815] - 79.52109999999999
[10311, 32205] - 85.79249999999999
[47945, 47973] - 116.7819
[12795, 12827] - 67.75600000000001
[12483, 33449] - 85.6678
[10311, 33449] - 96.89800000000001
[10311, 33469] - 85.20830000000005
[12795, 12895] - 125.85780000000001
[10331, 12895] - 59.99370000000001
[47949, 47953] - 102.43629999999999
[33425, 33429] - 100.90479999999998
[12663, 12667] - 149.71300000000002
[12355, 18863] - 116.17890000000003
[12663, 12671] - 72.95559999999998
[12487, 32205] - 89.15089999999996
[10315, 32201] - 73.67960000000006
[12663, 12679] - 137.40749999999997
[10315, 32205] - 90.42449999999997
[33425, 33449] - 94.77440000000004
[33425, 34885] - 79.50499999999998
[12487, 33449] - 97.42660000000001
[10315, 33449] - 128.52479999999994
[12487, 33469] - 77.21360000000001
[10315, 33469] - 107.57520000000001
[12663, 12751] - 60.34819999999999
[10315, 34893] - 62.75040000000003
[12783, 18863] - 76.65389999999998
[12667, 12671] - 91.48140000000001
[12523, 12527] - 86.84950000000002
[33429, 33433] - 63.33440000000002
[47953, 47957] - 144.204
[12523, 12531] - 88.79129999999999
[47953, 47961] - 61.340999999999994
[33429, 33437] - 65.14219999999997
[47953, 47965] - 86.63220000000003
[33429, 33449] - 148.88439999999997
[33429, 33469] - 63.689800000000034
[33429, 34885] - 106.4425
[33429, 34897] - 61.062500000000014
[33429, 34905] - 60.655800000000006
[12663, 12895] - 144.38879999999997
[12527, 12531] - 81.32829999999997
[33433, 33437] - 67.7815
[12807, 12823] - 61.38759999999998
[33433, 33457] - 66.26689999999999
[33433, 33465] - 99.4187
[10841, 10881] - 63.190099999999994
[33433, 34889] - 60.196099999999994
[12807, 12895] - 62.16709999999999
[33437, 33441] - 65.20570000000001
[33437, 33449] - 78.39879999999997
[12527, 12683] - 61.1529
[33437, 33453] - 62.54810000000001
[12527, 12687] - 61.60789999999999
[12527, 12691] - 66.18299999999999
[12527, 12695] - 65.61
[33437, 33465] - 65.7732
[33437, 33469] - 69.87760000000002
[12815, 12819] - 60.131800000000005
[33441, 33449] - 62.053599999999996
[12679, 12687] - 65.47949999999997
[12399, 12411] - 67.1028
[12679, 12691] - 83.08819999999997
[12815, 12831] - 63.46869999999998
[12795, 33449] - 67.8076
[10331, 33449] - 62.008100000000006
[12795, 33469] - 63.64629999999999
[12655, 33469] - 62.03079999999997
[12527, 12895] - 63.48350000000001
[12663, 18863] - 60.770400000000016
[12679, 12795] - 61.706599999999995
[12683, 12687] - 94.48279999999995
[12819, 12823] - 74.57139999999998
[12683, 12691] - 117.76000000000003
[12403, 12411] - 65.40539999999999
[12679, 12831] - 92.1164
[12679, 12875] - 59.75449999999998
[12819, 12895] - 121.90960000000001
[12683, 12795] - 63.0119
[12687, 12691] - 114.12229999999998
[12547, 12551] - 61.68050000000002
[12407, 12411] - 101.41110000000005
[10857, 10861] - 115.85320000000006
[10857, 10865] - 78.1696
[12687, 12695] - 93.54599999999998
[12823, 12831] - 72.67599999999999
[12547, 12555] - 64.60070000000002
[12683, 12827] - 74.19520000000004
[12683, 12831] - 83.4401
[12687, 12703] - 98.04520000000005
[33449, 33465] - 80.2062
[33449, 34885] - 136.91720000000004
[33449, 34889] - 75.88559999999995
[33449, 34893] - 69.6985
[33449, 34897] - 83.55830000000005
[33449, 34905] - 72.11059999999998
[12823, 12895] - 61.701900000000016
[12683, 12895] - 111.37740000000001
[10861, 10865] - 82.70049999999998
[12827, 12831] - 114.05199999999996
[12687, 12827] - 60.36009999999999
[12687, 12831] - 69.6263
[33453, 33465] - 76.99680000000002
[12827, 12875] - 101.63459999999999
[12691, 12795] - 68.65980000000002
[12691, 12819] - 70.28170000000001
[12691, 12827] - 63.46570000000001
[12691, 12831] - 83.02530000000003
[12831, 12875] - 65.7728
[12831, 12895] - 136.5328
[12691, 12895] - 97.56420000000007
[12695, 12795] - 84.44609999999999
[12695, 12819] - 69.27800000000002
[12695, 12827] - 78.4856
[12695, 12831] - 104.23190000000002
[12559, 12563] - 62.527600000000014
[12835, 12847] - 60.1793
[12695, 12875] - 66.03999999999999
[12679, 32213] - 62.12519999999999
[33465, 33469] - 77.51529999999995
[12819, 33449] - 61.02749999999998
[12679, 33449] - 105.59519999999998
[12679, 33469] - 65.96350000000001
[12703, 12795] - 64.52299999999998
[12703, 12827] - 92.51250000000003
[12683, 33433] - 59.64160000000002
[12703, 12831] - 85.2789
[12711, 12715] - 67.18149999999997
[33469, 34885] - 64.14959999999999
[12683, 33449] - 97.48410000000004
[33469, 34889] - 64.42710000000001
[12683, 33469] - 73.18340000000002
[10877, 12339] - 87.84450000000005
[10877, 12355] - 69.18050000000001
[12827, 33449] - 103.54999999999998
[12687, 33449] - 59.76779999999999
[12571, 12575] - 142.1814999999999
[12715, 12719] - 66.21539999999996
[34885, 34889] - 106.80689999999998
[34885, 34893] - 124.6887000000001
[12715, 12723] - 130.28930000000008
[34885, 34897] - 163.0761
[34885, 34901] - 63.22029999999997
[12827, 33469] - 78.66239999999998
[34885, 34905] - 83.23610000000004
[12691, 33425] - 74.7284
[12691, 33429] - 75.30779999999999
[12831, 33433] - 60.59870000000001
[12831, 33449] - 96.58850000000001
[12691, 33449] - 113.14149999999998
[34889, 34893] - 72.38650000000007
[34889, 34897] - 72.68729999999996
[12831, 33469] - 77.54690000000004
[12691, 33469] - 75.8399
[12691, 34885] - 77.6233
[12695, 32205] - 80.01940000000002
[12695, 32213] - 93.04580000000003
[12431, 12679] - 69.28550000000001
[12695, 33433] - 66.8335
[12575, 12703] - 75.39549999999997
[12695, 33449] - 152.03019999999998
[12723, 12727] - 119.52490000000003
[34893, 34897] - 118.78909999999999
[12723, 12731] - 61.9653
[12695, 33469] - 108.08249999999997
[12695, 34885] - 66.20100000000001
[12695, 34889] - 61.38889999999999
[12695, 34893] - 59.661500000000004
[12571, 12875] - 79.59280000000004
[12695, 34897] - 60.79679999999999
[12855, 12903] - 61.53120000000004
[34897, 34901] - 64.7257
[48663, 48667] - 120.89980000000004
[34897, 34905] - 77.455
[48663, 48671] - 60.6997
[48663, 48675] - 64.3699
[12723, 12895] - 60.48529999999999
[12431, 12895] - 72.32329999999997
[12703, 32205] - 86.66890000000005
[12703, 33449] - 111.31139999999996
[48667, 48671] - 71.2204
[12703, 33469] - 82.61690000000004
[48667, 48675] - 122.3413000000001
[12299, 12367] - 60.9692
[12299, 12419] - 60.28069999999998
[10291, 10295] - 89.36850000000001
[12735, 12743] - 71.94829999999996
[10291, 10299] - 69.56700000000001
[10291, 10307] - 72.31450000000001
[12735, 12759] - 105.00070000000002
[12735, 12763] - 103.54999999999998
[12867, 12895] - 60.80390000000002
[12735, 12779] - 63.619400000000034
[12739, 12743] - 65.78380000000003
[10295, 10303] - 63.1375
[12739, 12759] - 80.9051
[12739, 12763] - 72.5359
[12871, 12895] - 73.87849999999999
[12459, 12491] - 62.35610000000003
[10295, 10331] - 71.977
[12739, 12779] - 68.91670000000002
[10319] - 114.10999999999997
[10327] - 173.10999999999984
[10343] - 67.17999999999999
[10829] - 154.26999999999995
[10833] - 232.68000000000015
[10845] - 111.66
[10849] - 235.19999999999987
[10853] - 89.59000000000002
[10869] - 79.98999999999998
[12323] - 126.49999999999999
[12327] - 221.57999999999987
[12331] - 154.6799999999999
[12335] - 153.67999999999998
[12343] - 201.63
[12351] - 145.10000000000005
[12371] - 178.89999999999984
[12375] - 82.19999999999999
[12415] - 71.55999999999999
[12427] - 157.75000000000006
[12435] - 80.51999999999997
[12439] - 219.8700000000001
[12443] - 102.51999999999997
[12447] - 290.9899999999999
[12451] - 234.3100000000001
[12467] - 359.3
[12471] - 172.3100000000001
[12475] - 152.82999999999996
[12503] - 66.68999999999998
[12507] - 86.52999999999997
[12511] - 68.00999999999998
[12515] - 306.0999999999998
[12519] - 118.32999999999997
[12535] - 138.84000000000003
[12539] - 76.07000000000001
[12567] - 667.8799999999991
[12579] - 182.18999999999994
[12583] - 170.83
[12587] - 170.92
[12591] - 202.49000000000004
[12595] - 162.23999999999998
[12607] - 273.4999999999999
[12615] - 178.48999999999987
[12631] - 217.54999999999993
[12635] - 126.01000000000002
[12643] - 194.94000000000017
[12659] - 762.7500000000002
[12675] - 418.61999999999983
[12699] - 62.76
[12775] - 330.1099999999999
[12799] - 135.10999999999987
[12803] - 203.5399999999999
[12811] - 98.33000000000001
[12839] - 192.26000000000008
[12843] - 296.1700000000001
[12851] - 159.08000000000004
[12859] - 113.78
[12863] - 121.43
[12879] - 300.5499999999999
[12883] - 377.3500000000003
[12887] - 232.48000000000005
[12891] - 160.25
[12899] - 117.33999999999999
[12907] - 341.18000000000035
[18419] - 67.15
[18423] - 257.14
[18427] - 334.94999999999993
[18431] - 80.80000000000001
[18439] - 69.34
[18443] - 98.28999999999998
[18447] - 174.02000000000015
[18459] - 136.13999999999996
[18479] - 68.72999999999998
[18487] - 163.72000000000003
[18499] - 193.93
[18507] - 154.19000000000003
[18511] - 110.31000000000009
[18523] - 137.20999999999995
[18527] - 225.95999999999992
[18543] - 64.85999999999999
[18547] - 306.6000000000001
[18551] - 101.39
[18555] - 63.68000000000001
[18559] - 69.48999999999998
[18563] - 147.49999999999997
[18575] - 66.95
[18579] - 63.23
[18583] - 92.25999999999998
[18587] - 168.35999999999996
[18595] - 97.90000000000003
[18599] - 125.51000000000008
[18603] - 169.50000000000006
[18611] - 94.85999999999996
[18615] - 69.39999999999998
[18619] - 344.8000000000003
[18627] - 64.21000000000001
[18635] - 123.19000000000003
[18643] - 153.88000000000002
[18651] - 75.56000000000004
[18659] - 72.49000000000001
[18663] - 64.63
[18671] - 95.54999999999998
[18675] - 173.01999999999978
[18683] - 159.5000000000001
[18691] - 348.46
[18695] - 135.38999999999993
[18703] - 108.78000000000003
[18707] - 308.42999999999984
[18723] - 236.75000000000026
[18727] - 168.06999999999996
[18731] - 61.97999999999998
[18735] - 65.13
[18755] - 78.87
[18767] - 61.42000000000001
[18779] - 108.78000000000003
[18787] - 555.8600000000004
[18795] - 133.76000000000002
[18799] - 103.80999999999997
[18807] - 59.94000000000002
[18811] - 84.72
[18815] - 130.88000000000014
[18819] - 67.91000000000001
[18831] - 308.4199999999998
[18847] - 124.63999999999997
[18855] - 250.05999999999997
[18871] - 298.24999999999966
[18879] - 269.8
[18883] - 127.43000000000005
[20807] - 352.9800000000003
[32217] - 116.62
[32221] - 175.88000000000008
[33445] - 138.56999999999996
[33461] - 129.55
[34909] - 189.95999999999995
[34913] - 217.99000000000004
[34917] - 186.76000000000005
[35149] - 203.24999999999991
[35161] - 112.49
[35173] - 71.37
[35177] - 190.07000000000008
[35181] - 215.92000000000002
[35189] - 60.18
[35193] - 85.66999999999999
[35197] - 71.46999999999998
[35201] - 86.89999999999998
[35205] - 122.24000000000002
[35209] - 90.00999999999998
[35213] - 272.06000000000006
[46281] - 151.61000000000004
[46285] - 114.37000000000002
[46289] - 145.36999999999995
[46293] - 105.01000000000002
[47253] - 73.89999999999999
[47273] - 78.89
[47277] - 126.71999999999997
[47289] - 76.04999999999998
[47293] - 73.12999999999998
[47687] - 146.88999999999996
[47695] - 68.16999999999997
[48575] - 184.0299999999999
[48639] - 94.1
[48643] - 69.14999999999998
[48651] - 69.33000000000001
[48655] - 143.38000000000005
[48659] - 103.8
[48679] - 113.85999999999993
[48683] - 140.22999999999996
[48687] - 120.78999999999998
[48691] - 74.15999999999998
[48699] - 80.97
[48703] - 77.20000000000005
[48707] - 250.13000000000005
[48711] - 141.80999999999997
[52973] - 137.49999999999997
[54645] - 65.82000000000002
[54653] - 128.57
[54657] - 103.51000000000002
[54661] - 184.6799999999999
[54665] - 108.22999999999998
[54669] - 114.38
[54673] - 176.64
