Total itemsets found: 2086
Elapsed time: 98399ms
[36, 38, 67, 90, 94, 97] - 697.6114373908105
[36, 38, 41, 90, 94, 97] - 711.945373561192
[1, 36, 41, 71, 94] - 745.0736955680014
[1, 36, 41, 71, 90] - 748.2068370740011
[36, 41, 67, 94, 97] - 733.4713993292986
[36, 38, 67, 71, 97] - 758.9581224975994
[36, 38, 67, 71, 94] - 822.1357829497998
[36, 38, 67, 71, 90] - 832.6979090836032
[104, 38, 41, 67, 90] - 690.8223756990001
[1, 36, 41, 67, 97] - 699.8987255551987
[1, 36, 41, 67, 94] - 788.6854964697992
[104, 36, 38, 67, 71] - 689.0622377309993
[36, 41, 67, 90, 94] - 841.5068848458014
[36, 41, 67, 90, 97] - 736.1807583844002
[1, 36, 41, 67, 90] - 794.2453992973977
[1, 36, 56, 94, 97] - 674.9203271659991
[104, 36, 38, 67, 94] - 746.5413414544006
[104, 36, 38, 67, 90] - 754.8738710317016
[104, 36, 38, 67, 97] - 724.5363768312012
[36, 38, 57, 94, 97] - 807.3871518584001
[104, 36, 38, 71, 97] - 676.6058477393001
[36, 38, 57, 90, 97] - 806.204703706801
[36, 38, 57, 90, 94] - 836.0041969296003
[104, 36, 38, 71, 90] - 706.1205386982998
[104, 36, 38, 71, 94] - 698.5226664495005
[2, 24, 38, 94, 97] - 748.3306493929996
[1, 31, 36, 90, 97] - 701.6433670745004
[1, 31, 36, 90, 94] - 829.9063893557018
[2, 24, 38, 90, 94] - 760.0483260719005
[2, 24, 38, 90, 97] - 748.3807887434009
[36, 67, 79, 90, 94] - 812.8436780574018
[36, 67, 79, 90, 97] - 732.6257954804001
[120, 38, 90, 94, 97] - 861.8037759765994
[23, 67, 90, 94, 97] - 691.2533697334
[1, 36, 67, 71, 94] - 715.3724767951999
[1, 36, 67, 71, 90] - 721.4410780771005
[100, 24, 90, 94, 97] - 682.3576538129008
[36, 38, 5, 94, 97] - 686.1899939094999
[36, 38, 5, 90, 94] - 713.1447226268999
[36, 38, 5, 90, 97] - 684.6831028800993
[41, 67, 71, 90, 94] - 700.1103001115993
[36, 67, 79, 94, 97] - 725.9121989077014
[36, 56, 88, 94, 97] - 682.5535129621019
[104, 36, 71, 94, 97] - 719.9496987300994
[104, 36, 38, 90, 94] - 785.2269630023003
[104, 36, 38, 90, 97] - 759.0938324263005
[36, 79, 90, 94, 97] - 1006.639682614602
[56, 88, 90, 94, 97] - 676.1014360030003
[38, 67, 71, 94, 97] - 749.5114598216012
[36, 57, 90, 94, 97] - 875.8588906382997
[36, 56, 88, 90, 97] - 677.8283201626999
[36, 56, 88, 90, 94] - 676.716210990099
[104, 36, 38, 94, 97] - 752.5369110840006
[38, 67, 71, 90, 97] - 804.8508945184993
[38, 67, 71, 90, 94] - 819.1444419821006
[1, 36, 41, 94, 97] - 821.0848112299001
[23, 36, 67, 90, 97] - 699.3281985138003
[23, 36, 67, 90, 94] - 771.2471079516023
[36, 38, 56, 94, 97] - 887.196496873
[11, 38, 90, 94, 97] - 711.0410966668005
[104, 38, 67, 90, 94] - 743.2269080074991
[104, 38, 67, 90, 97] - 768.1456325223006
[36, 38, 56, 90, 97] - 888.1219776885998
[36, 38, 56, 90, 94] - 886.3087595830028
[36, 41, 67, 71, 94] - 704.265391653199
[36, 41, 67, 71, 90] - 710.4266291563005
[1, 31, 36, 94, 97] - 704.4479237414997
[36, 38, 41, 57, 97] - 783.7443734188989
[23, 36, 67, 94, 97] - 695.5745757376005
[1, 36, 41, 90, 97] - 820.0111378378003
[1, 36, 41, 90, 94] - 946.7910162906
[104, 38, 67, 94, 97] - 714.7166419215993
[36, 38, 41, 57, 94] - 811.9932480714015
[36, 38, 41, 57, 90] - 813.3308221201997
[36, 41, 57, 94, 97] - 785.6791050084004
[1, 36, 90, 94, 97] - 893.6902879165983
[11, 36, 38, 90, 97] - 717.2210341493007
[11, 36, 38, 90, 94] - 757.7795104814988
[36, 38, 41, 67, 94] - 687.0186802835999
[36, 38, 41, 67, 90] - 691.7587099278007
[120, 36, 56, 90, 97] - 674.947069434401
[104, 41, 67, 90, 94] - 674.4633114104008
[36, 41, 57, 90, 97] - 785.2045271778007
[36, 41, 57, 90, 94] - 815.1856472401012
[2, 36, 90, 94, 97] - 902.7912371662997
[11, 36, 38, 94, 97] - 716.6063930618006
[120, 36, 56, 94, 97] - 673.843867188401
[104, 38, 67, 71, 90] - 733.9498130285994
[104, 38, 67, 71, 97] - 707.347710290999
[104, 38, 67, 71, 94] - 678.5795591770994
[38, 88, 90, 94, 97] - 685.0665570500984
[23, 36, 90, 94, 97] - 732.8991680773008
[67, 79, 90, 94, 97] - 728.2141764911024
[38, 56, 90, 94, 97] - 882.3019191591007
[1, 36, 67, 94, 97] - 761.1424460917998
[1, 36, 67, 90, 97] - 764.3268690945007
[1, 36, 67, 90, 94] - 852.7001284039982
[104, 36, 71, 90, 94] - 783.2845819305012
[104, 38, 41, 90, 94] - 674.935762044099
[104, 36, 71, 90, 97] - 728.3607756191984
[104, 38, 41, 90, 97] - 694.077706991098
[24, 36, 38, 94, 97] - 777.3534442150002
[36, 71, 79, 94, 97] - 676.2056919178001
[56, 67, 90, 94, 97] - 790.1165466109
[104, 23, 67, 90, 97] - 694.8205324849006
[104, 23, 67, 90, 94] - 721.5075041686996
[36, 71, 79, 90, 97] - 680.4603816370986
[36, 71, 79, 90, 94] - 762.0007783160025
[36, 67, 88, 94, 97] - 721.1814098016
[104, 23, 67, 94, 97] - 689.9264983247987
[36, 88, 90, 94, 97] - 989.1533013303997
[36, 56, 90, 94, 97] - 1156.364039304703
[36, 67, 88, 90, 94] - 807.0178140614995
[36, 67, 88, 90, 97] - 730.4545710336992
[23, 36, 38, 41, 90] - 723.561176339
[23, 36, 38, 41, 67] - 690.6947089361015
[23, 36, 38, 41, 94] - 719.5738232578991
[128, 36, 90, 94, 97] - 741.0397855453002
[104, 23, 41, 90, 94] - 673.7762703444023
[1, 67, 90, 94, 97] - 756.7386835658994
[104, 67, 71, 90, 97] - 755.4585237286989
[104, 67, 71, 90, 94] - 744.3630385460976
[24, 38, 90, 94, 97] - 778.6685548059
[104, 38, 90, 94, 97] - 748.2528828316981
[104, 67, 71, 94, 97] - 699.3871024694986
[1, 41, 71, 90, 94] - 736.5136747431989
[1, 41, 71, 90, 97] - 696.9323367080995
[67, 88, 90, 94, 97] - 721.0234679017007
[36, 67, 71, 94, 97] - 867.3350142328004
[36, 67, 71, 90, 97] - 877.663627019898
[23, 38, 71, 90, 94] - 692.0498166583001
[104, 36, 41, 67, 90] - 682.5801840499029
[104, 36, 41, 67, 94] - 675.584097696799
[36, 67, 71, 90, 94] - 958.0669011477986
[1, 104, 36, 67, 90] - 673.8848842118979
[36, 6, 90, 94, 97] - 739.0202327179994
[100, 24, 36, 90, 94] - 676.4058290119999
[120, 36, 90, 94, 97] - 921.2195983412996
[100, 24, 36, 90, 97] - 680.4907931995006
[104, 23, 90, 94, 97] - 726.6293756019016
[36, 56, 67, 94, 97] - 789.6430198553007
[1, 104, 36, 90, 94] - 708.9625877076006
[36, 56, 67, 90, 97] - 790.8569674753991
[36, 56, 67, 90, 94] - 791.8054342046987
[41, 56, 90, 94, 97] - 718.9133533246995
[24, 36, 38, 90, 94] - 786.9245325494
[24, 36, 38, 90, 97] - 778.9476359871005
[31, 36, 67, 90, 94] - 678.9604181283004
[23, 36, 38, 90, 97] - 709.4830248582984
[23, 36, 38, 90, 94] - 779.9417617328016
[104, 23, 36, 38, 41] - 677.8228941528001
[23, 36, 38, 94, 97] - 706.5586259188001
[41, 67, 90, 94, 97] - 732.2288325290028
[104, 23, 36, 38, 67] - 705.4506645757999
[104, 23, 36, 38, 94] - 736.3208926137972
[104, 23, 36, 38, 97] - 709.251472184499
[104, 23, 36, 38, 90] - 740.5417911553998
[104, 36, 67, 90, 94] - 830.3412575967986
[1, 71, 90, 94, 97] - 701.0838055407003
[104, 36, 67, 90, 97] - 775.5482006813988
[104, 36, 67, 94, 97] - 766.0937685124017
[104, 23, 36, 41, 94] - 676.3595887547007
[11, 36, 90, 94, 97] - 723.4919754701014
[104, 23, 36, 41, 90] - 680.6139989110014
[36, 79, 88, 94, 97] - 796.5068459622986
[23, 38, 67, 90, 94] - 740.2950907121004
[71, 79, 90, 94, 97] - 675.7036325012002
[100, 24, 36, 94, 97] - 682.1641612235994
[36, 41, 79, 90, 94] - 730.4949816535022
[38, 71, 90, 94, 97] - 869.6807252746
[36, 79, 88, 90, 94] - 901.8403590951
[36, 79, 88, 90, 97] - 799.7266034522016
[38, 5, 90, 94, 97] - 683.9817657595981
[36, 41, 71, 90, 94] - 795.9029545881998
[36, 41, 71, 90, 97] - 693.2659624179001
[31, 36, 90, 94, 97] - 714.1694174922997
[104, 36, 67, 71, 94] - 746.5866238377021
[104, 36, 67, 71, 90] - 757.4841280067004
[104, 36, 67, 71, 97] - 709.6576580465021
[38, 57, 90, 94, 97] - 804.5228537659002
[1, 31, 41, 90, 97] - 695.5329525842988
[1, 31, 41, 90, 94] - 777.2699269475004
[36, 38, 79, 90, 97] - 704.5936689261988
[36, 38, 79, 90, 94] - 748.7956234922021
[23, 67, 71, 90, 94] - 702.7343897121002
[2, 24, 90, 94, 97] - 777.1075169054985
[104, 36, 41, 90, 94] - 749.3587110240987
[36, 41, 71, 94, 97] - 692.353244357001
[23, 38, 90, 94, 97] - 701.0693804634999
[1, 38, 41, 67, 90] - 678.9887430131994
[104, 23, 36, 67, 97] - 697.5500635667019
[104, 23, 36, 67, 90] - 730.2583716143013
[104, 23, 36, 67, 94] - 724.8109077631001
[2, 24, 36, 38, 90] - 753.7854399024019
[2, 24, 36, 38, 94] - 752.7929282349005
[2, 24, 36, 38, 97] - 748.4459886747009
[23, 38, 41, 67, 94] - 683.0018046051986
[23, 38, 41, 67, 90] - 686.9792860542013
[23, 36, 38, 67, 71] - 686.0571754382013
[104, 23, 36, 71, 94] - 682.2421721563023
[104, 23, 38, 41, 90] - 675.3389074172023
[104, 23, 36, 71, 90] - 687.158207398599
[23, 36, 38, 67, 97] - 674.709607365401
[23, 36, 38, 67, 94] - 745.5331313604988
[23, 36, 38, 67, 90] - 750.9750058358021
[1, 41, 67, 71, 90] - 714.0249981336999
[2, 36, 38, 94, 97] - 873.9541254670994
[23, 36, 38, 71, 90] - 703.1021977465
[2, 36, 38, 90, 97] - 875.9478800737991
[2, 36, 38, 90, 94] - 896.8556805133996
[56, 71, 90, 94, 97] - 792.7924510132998
[23, 36, 38, 71, 94] - 697.9193277725985
[1, 41, 67, 94, 97] - 693.2043975069995
[23, 41, 67, 90, 94] - 685.2521092024002
[1, 41, 67, 90, 94] - 784.2843822461984
[1, 41, 67, 90, 97] - 742.7609952583995
[23, 38, 67, 71, 94] - 676.6058323367
[23, 38, 67, 71, 90] - 682.2075931564012
[36, 71, 88, 90, 97] - 675.3656254964004
[36, 71, 88, 90, 94] - 750.2260319564001
[1, 36, 79, 90, 94] - 724.1508201290004
[100, 36, 90, 94, 97] - 675.0891011891005
[104, 36, 90, 94, 97] - 803.4741547509997
[31, 36, 41, 90, 94] - 798.0942121055008
[1, 31, 90, 94, 97] - 699.487865957499
[23, 38, 41, 90, 94] - 714.7438249791987
[23, 36, 71, 90, 94] - 726.6744829305011
[104, 38, 71, 90, 97] - 720.6170597853012
[104, 38, 71, 90, 94] - 694.1230216292016
[104, 23, 38, 67, 94] - 697.8002250118005
[104, 23, 38, 67, 90] - 702.5959174124965
[36, 56, 71, 90, 97] - 796.7986939418992
[36, 56, 71, 90, 94] - 797.0368260692978
[67, 71, 90, 94, 97] - 866.3595953303994
[79, 88, 90, 94, 97] - 792.6600108762005
[23, 36, 41, 67, 94] - 688.8256723965017
[23, 36, 41, 67, 90] - 693.2739866164006
[1, 41, 90, 94, 97] - 814.4170588020005
[1, 36, 71, 94, 97] - 708.3588988502017
[1, 36, 71, 90, 97] - 709.0588495142991
[1, 36, 71, 90, 94] - 798.5400163888983
[36, 38, 88, 94, 97] - 693.5679305471008
[36, 38, 55, 90, 94] - 678.7656530780004
[128, 36, 38, 90, 97] - 691.8344171667004
[128, 36, 38, 90, 94] - 699.4306260236002
[36, 71, 90, 94, 97] - 1056.0303834135993
[36, 5, 90, 94, 97] - 850.7349204227023
[36, 56, 71, 94, 97] - 797.0465286365015
[36, 38, 88, 90, 97] - 699.061835624999
[36, 38, 88, 90, 94] - 738.4277028635001
[128, 36, 38, 94, 97] - 690.6940664196009
[104, 67, 90, 94, 97] - 763.889761895301
[1, 67, 71, 90, 97] - 686.5429079586006
[1, 67, 71, 90, 94] - 709.3208116531025
[36, 41, 56, 90, 97] - 719.9585967349987
[36, 41, 56, 90, 94] - 720.9454979610019
[23, 36, 67, 71, 94] - 707.4583832534001
[23, 36, 67, 71, 90] - 713.0708961330033
[2, 38, 90, 94, 97] - 874.0926438333998
[104, 23, 36, 90, 97] - 735.2111444212998
[104, 23, 36, 90, 94] - 762.0958783557014
[23, 36, 41, 90, 94] - 722.6394681619012
[41, 57, 90, 94, 97] - 784.3768747493011
[36, 41, 56, 94, 97] - 723.155088501101
[104, 23, 36, 94, 97] - 730.6183786096004
[1, 31, 36, 41, 94] - 781.4546563452009
[1, 31, 36, 41, 90] - 782.3799677845
[36, 38, 79, 94, 97] - 699.4721196797984
[38, 79, 90, 94, 97] - 695.6150945557986
[36, 38, 71, 90, 97] - 880.5593340694004
[38, 41, 57, 90, 97] - 782.375737231299
[36, 38, 71, 90, 94] - 943.0727153448022
[38, 41, 57, 90, 94] - 811.2538724209999
[120, 36, 38, 90, 97] - 864.0857595242013
[120, 36, 38, 90, 94] - 882.3496484144996
[2, 24, 36, 94, 97] - 774.5272255210998
[1, 36, 88, 90, 94] - 710.4732732066999
[120, 36, 38, 94, 97] - 863.3850594247001
[2, 24, 36, 90, 94] - 781.2568321207009
[2, 24, 36, 90, 97] - 778.9646196902996
[104, 36, 38, 41, 90] - 683.0106553489
[104, 36, 38, 41, 94] - 678.1215374002966
[128, 38, 90, 94, 97] - 686.759016648201
[36, 41, 88, 90, 94] - 733.1460858192994
[24, 36, 90, 94, 97] - 1066.9958359148998
[41, 71, 90, 94, 97] - 685.7908094925014
[38, 41, 57, 94, 97] - 783.0260854949015
[104, 23, 71, 90, 94] - 678.3213162160989
[36, 38, 71, 94, 97] - 873.1572036015012
[104, 23, 38, 90, 97] - 705.6073314205984
[104, 23, 38, 90, 94] - 731.5709532514991
[38, 41, 67, 90, 94] - 682.8295194348988
[36, 56, 79, 94, 97] - 676.0640722908003
[104, 23, 38, 94, 97] - 701.8605295909996
[104, 71, 90, 94, 97] - 717.1685428143995
[31, 38, 41, 71] - 701.71807029
[31, 38, 41, 67] - 705.1347298799999
[31, 36, 71, 94] - 893.64773937
[31, 38, 41, 90] - 705.004321900001
[31, 36, 71, 90] - 896.8266112100006
[12, 36, 94, 97] - 691.101986769999
[120, 24, 36, 94] - 835.0190303699998
[120, 24, 36, 97] - 836.1804746199981
[2, 29, 94, 97] - 685.7183872100012
[36, 41, 67, 88] - 726.35797823
[120, 24, 36, 90] - 835.2773268299987
[36, 41, 67, 79] - 717.557864320001
[120, 24, 38, 94] - 791.8571632299979
[120, 24, 38, 97] - 824.0852559399978
[1, 31, 56, 67] - 699.1758540400016
[5, 71, 90, 97] - 698.4973598499998
[5, 71, 90, 94] - 721.3298962700013
[120, 24, 38, 90] - 821.1809339000001
[31, 36, 71, 97] - 757.58753887
[24, 38, 66, 90] - 714.1813518100003
[24, 38, 66, 97] - 699.9195764499996
[1, 31, 56, 71] - 702.4417339799983
[24, 38, 66, 94] - 716.5825636500006
[1, 31, 56, 97] - 862.0064207000031
[1, 31, 56, 94] - 863.9984372899988
[1, 31, 56, 90] - 859.6405946800014
[1, 23, 71, 97] - 734.4138086900016
[1, 23, 71, 94] - 805.1845329200025
[1, 23, 71, 90] - 810.6333711099987
[36, 5, 56, 97] - 680.9623048899997
[36, 5, 56, 90] - 682.1804137199987
[36, 5, 56, 94] - 686.8605922199993
[36, 57, 71, 90] - 736.6493449099997
[36, 57, 71, 94] - 732.768661540001
[36, 57, 71, 97] - 703.50461362
[24, 38, 70, 94] - 683.0039443099993
[24, 38, 70, 90] - 676.5627457399991
[24, 38, 70, 97] - 681.25058593
[5, 71, 94, 97] - 680.267753600001
[36, 66, 90, 94] - 753.2490157999983
[36, 66, 90, 97] - 697.4015411100003
[31, 36, 79, 94] - 740.3204171900006
[31, 36, 79, 90] - 741.0069276400005
[24, 79, 90, 94] - 828.4434550600006
[24, 79, 90, 97] - 738.4025573100002
[1, 41, 79, 97] - 723.1810699200001
[1, 41, 79, 94] - 860.0294605500021
[1, 41, 79, 90] - 860.7500133799992
[1, 41, 79, 88] - 730.6920291000008
[36, 41, 79, 88] - 843.7143735200026
[36, 41, 79, 97] - 813.2887500700007
[1, 31, 67, 71] - 817.4096710099993
[1, 31, 67, 90] - 939.4437613300012
[36, 66, 94, 97] - 700.1589472300009
[24, 79, 94, 97] - 742.3745231299988
[1, 31, 67, 97] - 818.79576822
[1, 31, 67, 94] - 874.4855625500016
[36, 5, 67, 90] - 770.2764965600031
[36, 5, 67, 94] - 764.6457562300001
[36, 5, 67, 97] - 721.8958227599995
[114, 36, 63, 90] - 713.3523740399987
[128, 41, 57, 94] - 687.4695748900018
[128, 41, 57, 97] - 684.9062637399986
[128, 41, 57, 90] - 686.1289835500013
[114, 36, 63, 94] - 707.1002043100008
[128, 56, 90, 97] - 762.2450858299994
[128, 56, 90, 94] - 761.25945537
[56, 6, 90, 94] - 681.06499162
[56, 6, 90, 97] - 684.5780978000012
[1, 31, 71, 97] - 805.9583633800013
[1, 31, 71, 94] - 861.8639560900017
[1, 31, 71, 90] - 922.5489199499988
[31, 36, 88, 94] - 714.3323017700008
[31, 36, 88, 90] - 712.7060410700007
[56, 6, 94, 97] - 683.6069011199999
[128, 56, 94, 97] - 761.9422126199992
[36, 67, 71, 79] - 814.851402230001
[1, 41, 88, 90] - 863.2220345800016
[36, 67, 71, 88] - 811.7561426799997
[1, 41, 88, 97] - 734.2925378900013
[1, 41, 88, 94] - 864.8478363799989
[36, 9, 90, 94] - 776.1389314199977
[36, 9, 90, 97] - 734.5009190899991
[36, 5, 71, 97] - 687.0864471600011
[36, 5, 71, 90] - 730.0837394900009
[36, 5, 71, 94] - 725.5064146599992
[36, 41, 88, 97] - 825.2049641600003
[1, 67, 79, 94] - 736.6628862400005
[1, 67, 79, 90] - 743.3576605400003
[1, 23, 90, 94] - 865.3533574199998
[36, 41, 9, 94] - 681.3313205500023
[36, 41, 9, 90] - 681.6104559599999
[1, 23, 90, 97] - 792.5444156699996
[36, 9, 94, 97] - 732.9612044699998
[57, 71, 90, 94] - 731.3024134999977
[31, 38, 67, 94] - 675.6804949499982
[31, 38, 67, 90] - 740.2605950500007
[57, 71, 90, 97] - 701.2472454999997
[1, 31, 79, 94] - 709.30112328
[1, 31, 79, 90] - 708.9655371899989
[36, 5, 79, 90] - 696.8840860600006
[36, 5, 79, 94] - 695.1052534100011
[1, 23, 94, 97] - 790.1309613600004
[36, 67, 79, 88] - 877.141338920002
[31, 38, 67, 71] - 727.3397276600016
[31, 38, 71, 90] - 722.568345509999
[57, 71, 94, 97] - 699.0897029700018
[1, 67, 88, 94] - 729.9326408100018
[31, 79, 90, 94] - 743.0313374199991
[1, 67, 88, 90] - 736.3472367499995
[5, 88, 90, 94] - 687.6972391499993
[1, 31, 88, 94] - 689.5933936400024
[1, 31, 88, 90] - 689.0067440300013
[36, 5, 88, 90] - 690.5795655300007
[36, 5, 88, 94] - 687.2908852499992
[71, 88, 94, 97] - 886.6583240399974
[120, 67, 90, 94] - 728.511292430002
[120, 67, 90, 97] - 735.5464027299989
[23, 36, 41, 57] - 677.5981721099997
[23, 36, 41, 97] - 865.3699341900007
[128, 67, 71, 94] - 683.8291221799993
[128, 67, 71, 97] - 690.2312633500005
[128, 67, 71, 90] - 688.6166069200002
[120, 67, 94, 97] - 700.2342455300003
[23, 36, 41, 71] - 862.2758519600012
[114, 36, 90, 94] - 753.4114801200009
[29, 36, 90, 97] - 680.3274368699995
[29, 36, 90, 94] - 682.5452607999994
[128, 57, 90, 97] - 776.5382615000002
[128, 57, 90, 94] - 777.3196278100027
[2, 24, 38, 66] - 717.5124792599997
[2, 24, 38, 70] - 684.8408074000016
[31, 71, 90, 97] - 812.0402517499998
[31, 71, 90, 94] - 888.0325701400001
[128, 41, 90, 97] - 684.3046595200003
[128, 41, 90, 94] - 703.9161181500009
[2, 24, 36, 66] - 708.7579380399993
[2, 24, 36, 70] - 687.5579279100018
[128, 57, 94, 97] - 775.56840976
[29, 36, 94, 97] - 680.8471690899993
[128, 41, 94, 97] - 684.8884105899992
[31, 71, 94, 97] - 752.3027265700008
[31, 38, 90, 94] - 690.9421321799999
[120, 42, 90, 94] - 698.8217633600011
[120, 42, 90, 97] - 703.9192845899994
[120, 24, 90, 94] - 838.7044552000008
[41, 79, 88, 90] - 843.7931059000005
[120, 24, 90, 97] - 870.3638548599992
[41, 79, 88, 94] - 843.3984371600013
[24, 88, 90, 94] - 796.0649016999994
[24, 88, 90, 97] - 710.4933688399994
[2, 66, 90, 94] - 715.3571859500006
[2, 66, 90, 97] - 698.2747460699998
[41, 79, 88, 97] - 699.1229246899998
[9, 90, 94, 97] - 734.7180434099994
[41, 79, 90, 97] - 813.6503362299987
[24, 88, 94, 97] - 708.3420718100011
[114, 63, 90, 94] - 708.4500098199986
[2, 66, 94, 97] - 701.1957386299999
[23, 36, 57, 90] - 708.0407539999995
[23, 36, 57, 94] - 707.9737036400014
[36, 42, 90, 94] - 799.0101510299992
[36, 42, 90, 97] - 811.286553679999
[120, 42, 94, 97] - 703.3723052400013
[23, 36, 56, 94] - 673.8163443100012
[36, 42, 94, 97] - 802.2961783099996
[120, 24, 94, 97] - 840.8163480099983
[104, 36, 38, 79] - 675.3647535899988
[104, 36, 38, 57] - 705.3620038800002
[104, 36, 38, 88] - 675.6357979500002
[128, 67, 90, 97] - 751.6084965699996
[128, 67, 90, 94] - 746.3785381100005
[100, 56, 90, 97] - 871.2007304799997
[104, 36, 41, 71] - 844.4660152099996
[41, 79, 94, 97] - 815.98319312
[104, 36, 41, 57] - 679.0825357499998
[100, 56, 90, 94] - 868.0882703899991
[104, 36, 41, 97] - 865.9974957699987
[128, 67, 94, 97] - 747.1879246699995
[5, 56, 90, 94] - 680.7643272400007
[100, 56, 94, 97] - 874.4057720300007
[38, 70, 90, 97] - 674.934525689999
[38, 70, 90, 94] - 677.2009926399993
[38, 70, 94, 97] - 681.6661548699996
[100, 24, 36, 56] - 874.9647494499991
[5, 56, 94, 97] - 678.7077232599996
[23, 36, 71, 97] - 873.0770331800021
[23, 38, 41, 97] - 857.91164795
[23, 38, 41, 71] - 853.0047373499988
[29, 38, 90, 94] - 682.5120976799998
[29, 38, 90, 97] - 678.6020283599987
[2, 24, 66, 90] - 716.2412888800011
[2, 24, 66, 94] - 718.2116972400015
[2, 24, 66, 97] - 701.4610679999993
[38, 79, 88, 90] - 720.1405100799992
[38, 79, 88, 94] - 712.7521322299992
[31, 88, 90, 94] - 710.6269016700005
[104, 36, 57, 67] - 722.2408366000008
[104, 36, 57, 90] - 775.1397755699987
[104, 36, 57, 94] - 769.6287973099994
[104, 36, 57, 97] - 735.477395029999
[104, 36, 57, 71] - 722.7033999899996
[55, 90, 94, 97] - 848.76415311
[29, 38, 94, 97] - 681.4471937400009
[23, 36, 79, 90] - 684.8216109699997
[23, 36, 79, 94] - 677.7670856300007
[2, 24, 70, 90] - 684.1487747699987
[2, 24, 70, 94] - 688.7106306600011
[38, 71, 79, 90] - 736.0187897400003
[38, 71, 79, 94] - 727.3976831899989
[2, 24, 70, 97] - 687.9317425399998
[31, 56, 67, 94] - 705.3449361699998
[31, 56, 67, 90] - 705.2274300200007
[31, 56, 67, 97] - 704.3785543100001
[24, 56, 90, 97] - 877.0390646400001
[24, 56, 90, 94] - 874.24177479
[104, 36, 67, 79] - 735.9308727799998
[104, 36, 67, 88] - 738.9103355600015
[100, 24, 56, 90] - 872.6337552400003
[23, 36, 88, 90] - 679.3222811500007
[23, 36, 88, 94] - 677.0782200100017
[100, 24, 56, 97] - 879.4656869000008
[100, 24, 56, 94] - 876.8157861100016
[104, 38, 41, 71] - 858.1079238599991
[24, 56, 94, 97] - 880.9347262999984
[31, 56, 71, 90] - 705.7944441899994
[104, 36, 71, 79] - 675.8694400300002
[31, 56, 71, 97] - 706.2089816899986
[104, 38, 41, 57] - 674.2491821600005
[31, 56, 71, 94] - 707.8717380299995
[38, 71, 88, 94] - 718.46402091
[38, 71, 88, 90] - 726.0211002399997
[104, 36, 71, 88] - 677.9280422600013
[120, 2, 24, 36] - 790.6073180600005
[120, 2, 24, 38] - 769.9880901800007
[122, 41, 90, 94] - 707.3016396500009
[120, 2, 24, 94] - 792.86175986
[120, 2, 24, 97] - 794.2329837499992
[120, 2, 24, 90] - 792.6736094099998
[104, 36, 79, 88] - 712.2758590399999
[104, 36, 79, 90] - 838.9629415100004
[23, 38, 71, 97] - 832.2847386000013
[24, 66, 90, 94] - 763.7457978299988
[41, 88, 90, 97] - 818.3604466
[24, 66, 90, 97] - 699.2679565399995
[104, 36, 79, 94] - 824.2459582200003
[104, 36, 79, 97] - 701.2305151799995
[2, 42, 90, 94] - 698.2048317399999
[42, 90, 94, 97] - 802.0171099900007
[2, 42, 90, 97] - 709.0129252800014
[1, 36, 38, 41] - 856.0945977800001
[23, 79, 90, 94] - 676.9088969899993
[1, 36, 38, 71] - 814.5511323900007
[1, 36, 38, 67] - 894.9074270299986
[1, 36, 38, 90] - 900.0398381300026
[120, 2, 36, 38] - 876.1543167699997
[56, 79, 90, 94] - 896.401664960002
[120, 36, 38, 56] - 860.3819374299998
[56, 79, 90, 97] - 894.0664994500007
[24, 66, 94, 97] - 701.6967264000008
[41, 55, 90, 94] - 828.7784587200006
[2, 42, 94, 97] - 701.0293787899985
[1, 36, 38, 97] - 814.630950880001
[41, 55, 90, 97] - 682.3873131000001
[1, 36, 38, 94] - 892.5628247000012
[41, 88, 94, 97] - 822.0944148399994
[31, 41, 56, 90] - 867.9607105699995
[31, 41, 56, 97] - 871.2670028199997
[31, 41, 56, 94] - 872.6589281299994
[1, 36, 41, 56] - 868.0436114000001
[120, 2, 36, 90] - 897.8734501399999
[1, 36, 41, 79] - 862.4327614999993
[120, 2, 36, 94] - 895.7215978899985
[31, 41, 56, 67] - 711.0140697900006
[120, 2, 36, 97] - 876.3601800300005
[31, 41, 56, 71] - 710.6448960499999
[41, 56, 67, 90] - 756.902080649999
[41, 56, 67, 94] - 756.5965723099979
[104, 38, 57, 90] - 702.7505642200003
[1, 36, 41, 88] - 872.2662001899982
[104, 38, 57, 94] - 699.7550550700022
[120, 2, 38, 90] - 875.2926750800003
[120, 2, 38, 94] - 875.7478693600005
[120, 2, 38, 97] - 855.5670919899997
[5, 67, 90, 97] - 736.3118369799986
[41, 56, 67, 97] - 755.17932155
[5, 67, 90, 94] - 765.1976759300002
[104, 36, 88, 90] - 837.3805657100003
[104, 36, 88, 94] - 826.2127106100014
[104, 36, 88, 97] - 707.3435244099995
[120, 36, 42, 94] - 699.5549237900009
[120, 36, 42, 97] - 704.983217000002
[120, 36, 42, 90] - 701.0827917699999
[31, 56, 90, 97] - 864.24251898
[31, 56, 90, 94] - 867.5061300200001
[57, 67, 71, 94] - 703.0879238600003
[57, 67, 71, 97] - 674.8688948600001
[31, 56, 94, 97] - 868.9732121900013
[57, 67, 71, 90] - 706.8745428200003
[5, 67, 94, 97] - 717.9894478000015
[41, 56, 71, 94] - 756.2732886099977
[41, 56, 71, 97] - 756.3943608100011
[41, 56, 71, 90] - 754.4136428300009
[31, 41, 67, 94] - 850.2615073799986
[31, 41, 67, 90] - 915.0942759700025
[11, 41, 90, 94] - 685.78626709
[31, 41, 67, 97] - 776.3617454600009
[31, 41, 67, 71] - 813.7158948999991
[24, 41, 90, 97] - 790.5165372999995
[23, 71, 90, 97] - 868.3139682199992
[24, 41, 90, 94] - 843.170883220002
[23, 71, 94, 97] - 863.722442130001
[24, 41, 94, 97] - 733.7682319099988
[31, 41, 71, 90] - 908.7204315300011
[104, 79, 88, 94] - 701.860601049999
[104, 79, 88, 90] - 713.7748158500007
[31, 41, 71, 97] - 775.9558023199987
[31, 41, 71, 94] - 847.1141722299978
[1, 36, 56, 71] - 741.7760612600001
[1, 36, 56, 67] - 733.4928491200001
[1, 36, 56, 90] - 894.3772608600009
[104, 79, 90, 97] - 704.4272063000004
[104, 79, 90, 94] - 827.8968956999995
[38, 55, 90, 97] - 855.61001728
[104, 71, 79, 90] - 680.1796240599994
[104, 79, 94, 97] - 694.5558547399996
[128, 36, 38, 41] - 700.3900564100004
[128, 36, 38, 67] - 686.3228399100002
[128, 36, 38, 56] - 729.7079819200003
[128, 36, 38, 57] - 716.9108980600001
[38, 56, 67, 71] - 703.4662335400012
[104, 38, 79, 90] - 676.547874630001
[38, 55, 94, 97] - 792.1068400800013
[57, 67, 90, 97] - 701.1737655200005
[128, 36, 41, 57] - 690.8638170800008
[57, 67, 90, 94] - 732.7276274299995
[1, 36, 67, 88] - 739.6559292500006
[38, 56, 67, 90] - 861.0304805300013
[128, 36, 41, 97] - 689.9539547900014
[1, 36, 67, 79] - 741.0473933900008
[128, 36, 41, 94] - 701.0466352299981
[128, 36, 41, 90] - 701.6811090200003
[38, 56, 67, 94] - 858.393522710001
[38, 56, 67, 97] - 859.7631887199989
[24, 5, 90, 94] - 687.0570814400011
[120, 36, 67, 90] - 736.4590901100007
[120, 36, 67, 94] - 728.9005909199994
[31, 67, 71, 97] - 730.2961062900024
[120, 36, 67, 97] - 705.40071414
[31, 67, 71, 94] - 779.901101300001
[31, 67, 71, 90] - 845.5340955100007
[38, 56, 71, 90] - 860.5859395200005
[38, 56, 71, 94] - 857.5011303000011
[38, 56, 71, 97] - 860.8200695900016
[104, 71, 88, 90] - 674.3513340200005
[1, 38, 41, 71] - 844.8201488399986
[57, 67, 94, 97] - 699.4959730299996
[1, 38, 41, 97] - 826.873416089999
[1, 38, 41, 94] - 841.5695426399968
[120, 36, 71, 94] - 721.8653863300004
[120, 36, 71, 97] - 697.7016838200026
[120, 36, 71, 90] - 728.9761900099998
[114, 24, 36, 90] - 689.7824106199993
[36, 38, 41, 71] - 858.2064989999996
[114, 24, 36, 94] - 683.5274973699999
[36, 38, 41, 5] - 676.8387001200002
[36, 38, 41, 55] - 735.9693278299985
[36, 38, 42, 90] - 711.3990789199995
[36, 38, 42, 97] - 715.7509889999994
[36, 38, 42, 94] - 706.2199406999994
[31, 41, 94, 97] - 877.0929012200005
[12, 90, 94, 97] - 691.8728404700012
[1, 36, 79, 97] - 827.44893807
[38, 41, 5, 90] - 691.0279519099998
[1, 36, 79, 88] - 813.8914777700008
[38, 41, 5, 94] - 675.2843156999999
[128, 36, 56, 90] - 765.7764662100014
[128, 36, 56, 71] - 673.7238882499996
[128, 36, 56, 67] - 673.9188880899997
[128, 36, 57, 90] - 783.2916866200004
[24, 42, 90, 94] - 689.5512399700007
[128, 36, 56, 97] - 766.812472330002
[24, 42, 90, 97] - 698.7105971099988
[128, 36, 56, 94] - 764.7420482199991
[24, 42, 94, 97] - 692.8693766499991
[128, 36, 57, 94] - 780.9869109899996
[128, 36, 57, 97] - 780.7296272299999
[38, 41, 55, 90] - 802.2422712500004
[38, 41, 55, 94] - 739.0897961400008
[38, 41, 55, 97] - 683.0644591700011
[2, 36, 38, 66] - 708.0272684100001
[2, 36, 38, 70] - 682.9955561700003
[31, 67, 90, 97] - 826.9853260999997
[1, 104, 23, 41] - 779.7686874700007
[1, 104, 23, 36] - 814.9103062399986
[1, 104, 23, 38] - 774.703802400002
[120, 38, 56, 94] - 853.1370498699996
[120, 38, 56, 97] - 858.0828577899983
[1, 104, 23, 71] - 748.3249711900005
[1, 104, 23, 67] - 806.5266391199999
[120, 38, 56, 90] - 854.2143752800015
[1, 104, 23, 94] - 804.7402970599998
[1, 104, 23, 90] - 808.7009460899999
[1, 36, 88, 97] - 818.5227649
[1, 104, 23, 97] - 791.9045317299992
[128, 36, 67, 71] - 690.420321910001
[36, 38, 55, 97] - 796.9279038499988
[36, 38, 56, 67] - 862.5645554400003
[36, 38, 56, 71] - 862.44664191
[36, 70, 90, 97] - 679.089361279999
[128, 36, 67, 97] - 754.9564739900028
[128, 36, 67, 90] - 754.6138439600012
[128, 36, 67, 94] - 749.3478693299998
[36, 70, 90, 94] - 727.6732110899991
[31, 67, 94, 97] - 765.568765920001
[2, 36, 42, 90] - 706.8001153700011
[2, 36, 42, 94] - 698.0907718099987
[2, 36, 42, 97] - 709.3524531600004
[41, 67, 71, 97] - 883.5967350099988
[41, 9, 90, 94] - 683.4611381100007
[36, 38, 6, 94] - 827.4084896699992
[36, 38, 6, 90] - 833.9484142999992
[120, 2, 90, 94] - 896.6965853300013
[36, 38, 6, 97] - 797.6266693499982
[120, 2, 90, 97] - 877.3663858300006
[38, 41, 67, 71] - 896.5429870100003
[128, 38, 41, 57] - 686.46720128
[1, 38, 67, 71] - 870.2498207599988
[1, 104, 31, 41] - 711.0878037800001
[1, 104, 31, 36] - 683.9063006299984
[128, 36, 71, 97] - 738.03123493
[128, 38, 41, 97] - 684.6910625000008
[128, 38, 41, 94] - 702.6535924599998
[128, 36, 71, 94] - 729.7496680899982
[36, 70, 94, 97] - 684.0255432200006
[128, 38, 41, 90] - 702.5612999900004
[128, 36, 71, 90] - 737.2162644500015
[1, 38, 67, 97] - 870.1254201100013
[1, 38, 67, 94] - 878.7841861800001
[1, 104, 31, 71] - 687.8740812800002
[120, 38, 67, 90] - 700.4775114100004
[1, 104, 31, 67] - 686.9318515699983
[120, 2, 94, 97] - 876.904430010001
[36, 38, 66, 90] - 704.9912048499992
[1, 104, 31, 94] - 673.5450600300004
[38, 41, 67, 97] - 879.9929982399973
[1, 104, 31, 90] - 740.5928301699995
[41, 67, 79, 94] - 717.6501639799993
[41, 67, 79, 90] - 723.783307649999
[1, 79, 88, 97] - 690.105985399999
[36, 38, 66, 97] - 698.8082479699989
[1, 104, 36, 41] - 884.8613384900007
[1, 79, 88, 94] - 810.6293115599993
[1, 104, 36, 38] - 820.0236955299989
[36, 38, 66, 94] - 707.3813092899998
[36, 38, 67, 79] - 807.3816261699997
[1, 79, 88, 90] - 811.4856488499975
[36, 38, 67, 88] - 806.5625779000003
[1, 38, 71, 90] - 867.4342086199989
[1, 104, 38, 41] - 847.9026902400001
[1, 104, 36, 71] - 832.2057065000001
[104, 88, 90, 94] - 821.9738161399999
[1, 38, 71, 97] - 792.936774399999
[104, 88, 90, 97] - 702.5871011399997
[1, 38, 71, 94] - 800.3425510300004
[120, 38, 71, 90] - 693.5466077499992
[1, 104, 38, 71] - 808.4561564199997
[1, 104, 38, 67] - 871.1337489900008
[1, 104, 36, 97] - 832.536519080001
[1, 104, 38, 90] - 873.8664642500005
[38, 41, 71, 90] - 915.1397472000003
[38, 41, 71, 94] - 846.2486198199986
[38, 41, 71, 97] - 821.3787492700025
[1, 79, 90, 97] - 825.0374691100001
[1, 104, 38, 97] - 853.045299899999
[36, 38, 71, 79] - 734.9503065899999
[1, 104, 38, 94] - 807.4162107799995
[36, 38, 71, 88] - 732.4295971300012
[104, 88, 94, 97] - 695.0050097400019
[36, 38, 70, 97] - 679.578870139999
[36, 38, 70, 94] - 681.2326502100007
[36, 38, 70, 90] - 675.2570341699994
[1, 104, 41, 71] - 829.6114377600012
[1, 104, 41, 67] - 891.6688977000006
[1, 104, 41, 94] - 871.1895653299993
[1, 104, 41, 90] - 941.0172337600012
[38, 66, 90, 94] - 714.7137889700008
[1, 79, 94, 97] - 826.8169592400009
[66, 90, 94, 97] - 699.4332438900005
[38, 66, 90, 97] - 697.6445005800019
[1, 104, 41, 97] - 830.463774300001
[38, 66, 94, 97] - 700.8698440099987
[41, 67, 88, 90] - 725.8075552099998
[36, 63, 90, 94] - 725.6748438099995
[23, 41, 57, 90] - 675.7755307099992
[23, 41, 57, 94] - 674.9808113800004
[36, 71, 79, 88] - 805.3725074600002
[41, 67, 88, 94] - 721.2536552100005
[128, 38, 56, 90] - 725.6392957400017
[104, 23, 36, 57] - 705.1145222899986
[36, 38, 79, 88] - 725.8789705300004
[128, 38, 57, 90] - 711.1909585699996
[122, 36, 41, 90] - 703.0398872400002
[122, 36, 41, 94] - 706.4339724599994
[128, 38, 56, 97] - 727.1308603200009
[128, 38, 56, 94] - 724.0524795199983
[2, 36, 66, 90] - 706.1935652300002
[2, 36, 66, 94] - 708.3122276199995
[2, 36, 66, 97] - 699.4366526800004
[104, 23, 38, 71] - 872.7194129699985
[128, 38, 57, 97] - 710.6948066600003
[128, 38, 57, 94] - 711.7068463200007
[41, 5, 90, 94] - 863.3354658100002
[41, 5, 90, 97] - 808.3441527300012
[41, 5, 94, 97] - 794.7781978199996
[104, 23, 41, 57] - 674.316757429998
[104, 23, 41, 67] - 856.3252285100028
[104, 23, 41, 97] - 859.9659446500011
[104, 23, 41, 71] - 797.7048336799987
[23, 41, 67, 71] - 834.8024801099997
[2, 36, 70, 90] - 681.9168707099985
[2, 36, 70, 94] - 686.1751000999989
[2, 36, 70, 97] - 684.9274672599971
[23, 41, 67, 97] - 815.4799842699998
[120, 71, 90, 94] - 720.9384769300012
[120, 71, 90, 97] - 728.7680307100009
[38, 67, 79, 90] - 807.3449458900009
[128, 38, 67, 94] - 679.195132300001
[38, 67, 79, 94] - 798.3150135899983
[128, 38, 67, 97] - 684.0135591000005
[128, 38, 67, 90] - 682.6001366700008
[1, 38, 90, 97] - 866.6881620400001
[1, 38, 90, 94] - 882.5543472300011
[38, 67, 79, 97] - 736.0284815100011
[23, 41, 71, 90] - 857.7109839900006
[23, 41, 71, 94] - 851.4482047099989
[23, 41, 71, 97] - 758.8544632000015
[120, 71, 94, 97] - 692.2895172300006
[1, 38, 94, 97] - 801.8318015100006
[104, 31, 36, 41] - 684.4823277800007
[100, 36, 56, 94] - 869.282625409999
[100, 36, 56, 90] - 866.3062008900002
[67, 79, 88, 97] - 776.9179298199983
[67, 79, 88, 94] - 870.0945624100003
[67, 79, 88, 90] - 882.8029884200029
[100, 36, 56, 97] - 873.7429713799995
[104, 31, 36, 90] - 717.3877969000007
[104, 31, 36, 94] - 708.5294875000005
[29, 90, 94, 97] - 684.3845168999995
[114, 24, 90, 94] - 694.3088521600002
[2, 29, 36, 38] - 680.7985839900014
[1, 104, 67, 71] - 864.5358928200002
[11, 36, 38, 41] - 686.8093969600006
[104, 31, 41, 67] - 691.45630963
[104, 31, 41, 71] - 691.0324648700008
[2, 29, 36, 90] - 683.3031497000006
[2, 29, 36, 94] - 683.4250106000006
[104, 41, 57, 90] - 677.3628044900004
[2, 29, 36, 97] - 680.6064670599994
[1, 104, 67, 97] - 888.0378192999985
[38, 67, 88, 90] - 802.6965740600003
[1, 104, 67, 94] - 880.66672338
[38, 67, 88, 94] - 791.7715073300001
[104, 41, 57, 94] - 674.4578501799996
[38, 67, 88, 97] - 734.6221569599962
[104, 31, 41, 90] - 742.3693955199994
[104, 31, 41, 94] - 675.9669629300004
[67, 71, 79, 94] - 807.1857265200031
[67, 71, 79, 90] - 819.3288364200022
[67, 71, 79, 97] - 722.1669727999994
[104, 23, 57, 90] - 704.1817113499987
[104, 23, 57, 94] - 703.0161396999997
[2, 29, 38, 90] - 683.62967217
[2, 29, 38, 94] - 686.1397345199989
[2, 29, 38, 97] - 681.4652561400002
[24, 36, 38, 66] - 706.4647281699997
[24, 36, 38, 70] - 680.9032063999994
[1, 104, 71, 94] - 820.777122869999
[11, 36, 41, 90] - 687.2909844799997
[1, 104, 71, 90] - 889.7492244399988
[11, 36, 41, 94] - 683.2368560999998
[1, 104, 71, 97] - 828.339510170001
[24, 36, 42, 94] - 687.6941625499998
[24, 36, 42, 90] - 694.5216136099982
[24, 36, 42, 97] - 697.8025313000011
[24, 36, 41, 90] - 829.6741066700002
[23, 67, 71, 97] - 844.3930845899982
[24, 36, 41, 97] - 726.6085049599997
[24, 36, 41, 94] - 831.9748089100024
[2, 70, 90, 94] - 683.1557880000009
[2, 70, 90, 97] - 681.9140776499996
[104, 57, 67, 71] - 698.3658462300007
[104, 41, 67, 71] - 861.5739543500011
[104, 57, 67, 90] - 721.84447938
[104, 57, 67, 94] - 716.4349338900006
[104, 57, 67, 97] - 686.9732698799993
[2, 70, 94, 97] - 686.4413990700021
[104, 41, 67, 97] - 881.4309402300003
[56, 67, 71, 90] - 820.9268064000008
[56, 67, 71, 94] - 817.2885922799995
[56, 67, 71, 97] - 817.7736066100005
[104, 23, 67, 71] - 882.930630870001
[104, 57, 71, 90] - 722.1919673799995
[2, 38, 66, 90] - 714.4219692300004
[104, 57, 71, 94] - 717.4614450299994
[2, 38, 66, 94] - 717.6162537700002
[2, 38, 66, 97] - 700.3443974600009
[67, 71, 88, 97] - 718.6512799699999
[67, 71, 88, 94] - 797.2763655900017
[23, 41, 90, 97] - 860.6031050999992
[67, 71, 88, 90] - 810.1443805400002
[23, 57, 90, 94] - 706.3135297000009
[104, 57, 71, 97] - 689.2299564699994
[128, 71, 90, 94] - 729.4489015400004
[128, 71, 90, 97] - 737.083041020001
[104, 41, 71, 97] - 824.5626725799997
[104, 41, 71, 90] - 905.3620212300016
[104, 41, 71, 94] - 834.5286062699984
[24, 36, 5, 94] - 679.6165553200004
[24, 36, 5, 90] - 680.5033579999999
[104, 23, 71, 97] - 867.0939305300004
[1, 88, 90, 97] - 809.6382632599983
[128, 71, 94, 97] - 730.4994592499999
[23, 41, 94, 97] - 857.6531731800022
[2, 38, 70, 90] - 678.04489025
[2, 38, 70, 94] - 683.9665224600019
[2, 38, 70, 97] - 682.1246332799991
[1, 88, 94, 97] - 812.2715142999998
[38, 42, 90, 94] - 704.3249987000011
[70, 90, 94, 97] - 681.6593685800012
[38, 42, 90, 97] - 713.3245273799998
[24, 36, 56, 90] - 871.3697586299998
[24, 36, 56, 97] - 878.8029080399983
[24, 36, 56, 94] - 875.2397483100015
[36, 56, 6, 94] - 678.327396829999
[36, 56, 6, 97] - 682.8761716199995
[36, 56, 6, 90] - 678.0833518599978
[36, 55, 90, 97] - 858.9441379400017
[104, 31, 67, 71] - 697.5706205200008
[1, 56, 67, 97] - 730.2300068700004
[1, 56, 67, 94] - 729.467929350001
[1, 56, 67, 90] - 729.7470205700001
[36, 55, 94, 97] - 849.3867741400015
[38, 42, 94, 97] - 708.4421929699997
[1, 104, 90, 97] - 887.3032276499994
[104, 31, 67, 90] - 719.2899001100012
[1, 23, 36, 41] - 850.4296870999999
[1, 23, 36, 38] - 844.8960173600015
[1, 23, 38, 41] - 839.8265778899993
[1, 23, 36, 71] - 816.8711644699989
[31, 36, 38, 67] - 685.4562197100009
[1, 23, 36, 67] - 877.7034882900014
[41, 6, 90, 97] - 736.5534728999996
[36, 56, 67, 71] - 821.2328580699988
[31, 36, 38, 94] - 694.2448214700001
[31, 36, 38, 90] - 700.0545138000004
[41, 6, 90, 94] - 759.0261468099991
[31, 36, 41, 71] - 856.1489047299998
[1, 23, 38, 71] - 775.0818664399991
[1, 104, 94, 97] - 820.8963042599986
[1, 23, 38, 67] - 837.7339804100011
[1, 23, 36, 97] - 799.9714483200003
[1, 23, 36, 94] - 874.602421419999
[1, 23, 36, 90] - 879.3851482700005
[31, 36, 41, 97] - 878.9031675199996
[41, 6, 94, 97] - 720.1594978800001
[1, 23, 38, 97] - 758.6416167799997
[1, 56, 71, 97] - 735.2331847100006
[1, 23, 38, 94] - 831.5894644599997
[1, 56, 71, 94] - 735.434801930001
[1, 23, 38, 90] - 835.7903201799986
[1, 56, 71, 90] - 733.1206573600009
[31, 36, 41, 56] - 873.8658196299979
[31, 36, 41, 67] - 856.7619645400011
[104, 31, 71, 90] - 720.0386089799993
[1, 23, 41, 71] - 782.8588294299987
[24, 36, 66, 94] - 754.5389047700007
[24, 36, 66, 90] - 754.4291838600006
[1, 23, 41, 67] - 843.3435861399985
[24, 36, 66, 97] - 699.8262111000014
[1, 23, 41, 90] - 842.0469597999999
[1, 23, 41, 97] - 763.8544407799999
[1, 23, 41, 94] - 837.1794509000002
[122, 36, 90, 94] - 751.6010971400009
[104, 57, 90, 94] - 768.9359080799987
[104, 57, 90, 97] - 733.63750064
[24, 36, 70, 90] - 728.9253975099991
[24, 36, 70, 94] - 731.4333566399981
[24, 36, 70, 97] - 684.15458698
[104, 67, 79, 90] - 741.5309798599991
[11, 38, 41, 90] - 689.050331069999
[11, 38, 41, 94] - 686.9277013199992
[104, 67, 79, 94] - 728.351300920001
[104, 57, 94, 97] - 730.2771934900004
[104, 41, 94, 97] - 857.3599002700003
[1, 31, 36, 56] - 866.3031371599985
[36, 56, 79, 90] - 894.0720135200012
[1, 31, 36, 79] - 708.4792619399988
[1, 31, 36, 71] - 870.7985015499992
[1, 31, 38, 41] - 679.6761136000014
[1, 31, 36, 67] - 882.5285564000005
[1, 31, 36, 88] - 693.9625408799997
[1, 31, 38, 71] - 697.642064689999
[24, 36, 79, 90] - 828.4113124000003
[1, 31, 38, 67] - 714.9546128699998
[24, 36, 79, 94] - 829.7552903300026
[1, 31, 38, 90] - 717.5569555700009
[36, 41, 5, 97] - 795.7711274600016
[36, 41, 5, 94] - 862.173569609999
[36, 41, 5, 90] - 863.3420223200008
[104, 67, 88, 90] - 736.6865070899996
[104, 67, 88, 94] - 725.419563110001
[31, 36, 56, 97] - 870.4771702100004
[31, 36, 56, 94] - 873.3809231399995
[31, 36, 56, 90] - 867.5648270600003
[1, 31, 41, 67] - 888.8636811199997
[24, 36, 79, 97] - 741.9916343800003
[1, 41, 56, 71] - 705.2953815200008
[1, 41, 56, 67] - 704.0162452899989
[31, 36, 56, 67] - 707.21976561
[1, 31, 41, 56] - 865.3292799800004
[71, 79, 88, 97] - 706.1324676799996
[31, 36, 56, 71] - 713.0496750700012
[71, 79, 88, 90] - 804.2912724099999
[71, 79, 88, 94] - 796.9828109700015
[1, 31, 41, 71] - 886.0709742400011
[1, 41, 56, 97] - 865.205870450001
[1, 41, 56, 94] - 864.3810242300004
[1, 41, 56, 90] - 861.2133493700007
[5, 79, 90, 94] - 696.7451116799994
[38, 6, 90, 94] - 829.8094664900001
[38, 6, 90, 97] - 812.6064583999985
[29, 36, 38, 90] - 678.1316686999988
[1, 56, 90, 94] - 892.0115243399991
[36, 41, 56, 67] - 757.5525385900024
[36, 41, 55, 94] - 821.3256887600005
[36, 41, 55, 90] - 829.7587643300006
[36, 41, 56, 71] - 763.131896409999
[1, 56, 90, 97] - 891.0096572900017
[104, 31, 90, 94] - 707.8830078299995
[120, 56, 90, 94] - 891.0103328500018
[29, 36, 38, 97] - 676.3306501299992
[29, 36, 38, 94] - 679.5759747499995
[24, 70, 90, 94] - 729.9665346800004
[24, 36, 88, 94] - 794.1041721600005
[24, 36, 88, 90] - 799.2578865200012
[24, 36, 88, 97] - 710.7747388700028
[24, 70, 90, 97] - 681.6289662599997
[36, 41, 6, 90] - 755.6073587499998
[36, 41, 6, 97] - 719.5462409400025
[36, 41, 6, 94] - 755.2414909999986
[38, 6, 94, 97] - 791.5331015500011
[31, 36, 67, 97] - 769.0101768599998
[2, 29, 90, 94] - 687.7048346600005
[2, 29, 90, 97] - 684.5288262999997
[31, 36, 67, 71] - 789.3111959000003
[12, 36, 90, 97] - 694.338510100001
[12, 36, 90, 94] - 790.5000305600008
[36, 57, 67, 90] - 737.722200549999
[36, 57, 67, 94] - 733.6506418300007
[36, 57, 67, 97] - 704.0229634000001
[1, 23, 67, 71] - 807.9276972700002
[1, 23, 67, 97] - 792.1335731499973
[1, 23, 67, 94] - 864.2725563300007
[1, 23, 67, 90] - 869.2872980099987
[120, 24, 36, 38] - 788.030816969998
[24, 70, 94, 97] - 686.7559489600005
[36, 57, 67, 71] - 707.9172619199994
[24, 63, 90] - 968.1368589999995
[24, 63, 94] - 886.7193180000022
[24, 63, 97] - 850.0899949999996
[31, 79, 88] - 774.9448139999995
[31, 79, 97] - 780.434420000001
[108, 90, 94] - 868.2811780000002
[108, 90, 97] - 887.678472
[24, 66, 70] - 766.8643609999992
[42, 67, 90] - 679.8093569999999
[42, 67, 97] - 680.2430440000007
[24, 67, 90] - 888.177999000001
[24, 67, 94] - 797.5679850000005
[24, 67, 97] - 828.2347420000004
[100, 2, 24] - 745.2108500000004
[108, 94, 97] - 869.6409159999998
[100, 2, 36] - 740.7582180000004
[100, 2, 38] - 730.788957
[100, 2, 42] - 744.6095130000006
[100, 2, 45] - 723.0516590000008
[100, 2, 56] - 730.0490570000001
[100, 2, 63] - 739.8402199999992
[11, 36, 56] - 739.7059160000017
[11, 36, 57] - 688.5711459999991
[11, 36, 67] - 895.3801720000006
[100, 2, 90] - 741.8561690000004
[11, 36, 71] - 790.972715999999
[100, 2, 94] - 735.6181410000004
[100, 2, 97] - 743.3982740000006
[11, 38, 56] - 733.361746000001
[11, 38, 67] - 877.5779509999991
[11, 38, 71] - 773.5560460000004
[24, 71, 90] - 854.921467000001
[24, 71, 94] - 766.7161999999993
[24, 71, 97] - 798.0922859999998
[5, 88, 97] - 851.0711870000006
[100, 24, 38] - 732.7576380000012
[100, 24, 42] - 776.030543000001
[100, 24, 45] - 723.472865
[31, 88, 97] - 748.3743439999989
[100, 24, 63] - 742.7927450000001
[100, 24, 79] - 846.191749999999
[100, 24, 88] - 800.5380670000004
[11, 41, 97] - 823.5738639999997
[31, 9, 90] - 716.054589999999
[31, 9, 94] - 714.1515750000004
[16, 90, 94] - 875.2504530000003
[16, 90, 97] - 817.0722780000001
[42, 79, 90] - 696.3087689999996
[42, 79, 94] - 692.1740999999997
[42, 79, 97] - 702.0588940000014
[24, 79, 88] - 891.1365699999967
[1, 9, 90] - 719.7770359999996
[1, 9, 94] - 716.0518380000008
[16, 94, 97] - 824.5858260000002
[100, 36, 38] - 812.1227700000013
[100, 36, 42] - 774.5737089999991
[100, 36, 45] - 721.4501820000006
[100, 36, 63] - 825.4751939999983
[100, 36, 71] - 673.2924220000004
[100, 38, 42] - 734.2978669999999
[100, 38, 45] - 714.3812959999999
[100, 36, 79] - 880.0067989999984
[100, 38, 56] - 721.8999930000006
[100, 36, 88] - 837.6564340000015
[100, 38, 63] - 817.3651470000001
[100, 38, 90] - 810.1888739999981
[100, 38, 94] - 807.160805000001
[100, 38, 97] - 734.9584970000001
[100, 42, 45] - 727.3627980000008
[11, 56, 90] - 731.6052210000004
[11, 56, 94] - 731.8597979999998
[100, 42, 56] - 732.6573069999988
[11, 56, 97] - 735.4538529999993
[100, 42, 63] - 743.3409279999997
[11, 57, 90] - 683.4002850000006
[11, 57, 94] - 683.9093949999985
[100, 42, 90] - 773.3046519999984
[100, 42, 94] - 771.0124860000009
[100, 42, 97] - 778.6329719999985
[100, 45, 56] - 727.0754689999998
[100, 45, 63] - 723.7361880000004
[6, 67, 90] - 838.5584069999984
[6, 67, 94] - 808.1695200000005
[6, 67, 97] - 794.1329029999994
[100, 45, 90] - 721.1034840000008
[100, 45, 94] - 720.431997999998
[100, 45, 97] - 727.0996870000013
[6, 71, 90] - 785.9192609999999
[6, 71, 94] - 758.6821609999998
[6, 71, 97] - 740.8806569999999
[110, 36, 38] - 685.1763569999994
[11, 67, 71] - 689.8964220000004
[11, 67, 90] - 888.2341719999998
[11, 67, 94] - 881.7441299999978
[11, 67, 97] - 822.8351509999999
[110, 36, 90] - 685.380931
[110, 36, 94] - 687.2044989999998
[110, 36, 97] - 681.5469230000017
[110, 38, 90] - 685.8714460000002
[110, 38, 94] - 689.2484949999977
[110, 38, 97] - 682.2433849999996
[11, 71, 90] - 780.2270660000006
[11, 71, 94] - 774.794916000001
[11, 71, 97] - 719.279206
[100, 56, 63] - 731.9265429999989
[100, 56, 79] - 796.8579320000009
[100, 56, 88] - 797.0742139999988
[6, 79, 90] - 700.5324180000001
[6, 79, 94] - 697.5253100000006
[100, 63, 90] - 823.731228999999
[100, 63, 94] - 820.7735120000001
[100, 63, 97] - 743.9122529999973
[6, 88, 90] - 699.4495409999986
[6, 88, 94] - 695.1912500000002
[100, 79, 90] - 870.7099269999972
[100, 79, 94] - 880.4918170000004
[100, 79, 97] - 840.4775720000016
[2, 24, 29] - 788.1144299999995
[2, 24, 42] - 833.8507300000006
[2, 24, 45] - 729.587943000001
[2, 24, 56] - 735.6518359999995
[2, 24, 63] - 746.040188999999
[12, 24, 36] - 688.053307000001
[12, 24, 90] - 772.1852090000002
[12, 24, 94] - 688.8322380000008
[12, 24, 97] - 709.0515110000005
[100, 88, 90] - 832.6883340000014
[100, 88, 94] - 836.0794330000024
[100, 88, 97] - 801.0747039999999
[36, 38, 45] - 718.4045690000002
[2, 36, 41] - 704.2381840000006
[2, 36, 45] - 727.9223189999991
[36, 38, 63] - 841.5440170000008
[2, 36, 5] - 721.8412359999985
[2, 36, 56] - 856.7036039999978
[2, 36, 55] - 797.4037919999997
[2, 36, 57] - 783.5310419999992
[2, 36, 63] - 743.0643050000003
[36, 38, 77] - 782.8194360000015
[2, 38, 42] - 883.6583829999997
[2, 38, 41] - 717.9279600000008
[36, 38, 86] - 792.1486769999989
[2, 38, 45] - 719.7937820000008
[36, 38, 9] - 698.6520780000002
[2, 38, 5] - 682.1564860000008
[2, 36, 79] - 725.1556529999997
[12, 36, 38] - 736.3473220000009
[2, 38, 55] - 761.453281
[2, 38, 57] - 743.5434869999983
[2, 38, 56] - 849.162968000001
[2, 36, 88] - 709.2791480000001
[2, 38, 63] - 736.2066719999998
[12, 36, 56] - 721.2036780000002
[2, 38, 79] - 678.7738249999991
[12, 36, 79] - 843.7730040000009
[45, 56, 63] - 731.6514579999988
[128, 23, 31] - 731.1113649999995
[12, 36, 88] - 843.2137029999999
[128, 23, 36] - 776.7673989999997
[128, 23, 38] - 727.498595000001
[128, 23, 41] - 738.1439170000009
[36, 42, 45] - 731.4320980000011
[128, 23, 56] - 768.8051830000002
[128, 23, 57] - 771.6321889999984
[45, 56, 90] - 728.9630079999995
[45, 56, 94] - 728.7434800000008
[36, 42, 56] - 778.5162959999969
[128, 23, 67] - 771.0429140000015
[45, 56, 97] - 736.1092700000006
[36, 42, 63] - 767.3107900000006
[12, 38, 90] - 818.2421210000001
[128, 23, 71] - 775.2741650000007
[12, 38, 94] - 730.0326199999987
[36, 42, 67] - 676.8700060000006
[12, 38, 97] - 746.2344170000001
[2, 41, 57] - 695.0693810000004
[36, 42, 79] - 702.5711240000003
[128, 23, 90] - 772.5367369999991
[128, 23, 94] - 770.7546460000008
[128, 23, 97] - 769.6037830000026
[2, 42, 45] - 733.2218480000007
[2, 42, 56] - 736.0972879999995
[2, 41, 90] - 718.7046760000001
[2, 42, 63] - 746.3232380000014
[2, 41, 94] - 719.1280669999995
[77, 90, 94] - 795.5106109999997
[77, 90, 97] - 796.5514619999999
[36, 45, 56] - 730.7041880000006
[36, 45, 63] - 727.0152280000002
[120, 128, 36] - 799.8516279999998
[120, 128, 38] - 733.5478899999993
[36, 45, 90] - 725.2346090000005
[36, 45, 94] - 723.9284369999987
[36, 45, 97] - 731.9076369999983
[2, 45, 56] - 732.6820520000007
[2, 45, 63] - 729.0203219999986
[77, 94, 97] - 797.7787790000002
[120, 128, 90] - 801.685777
[120, 128, 94] - 799.741241000001
[120, 128, 97] - 798.3730399999996
[2, 45, 90] - 728.077928000001
[2, 45, 94] - 725.8212099999998
[2, 45, 97] - 732.4222599999996
[45, 63, 90] - 726.2701929999998
[45, 63, 94] - 726.0841130000008
[45, 63, 97] - 733.2334099999994
[36, 5, 55] - 680.132619
[36, 5, 57] - 829.8315760000004
[128, 31, 36] - 773.2976549999993
[128, 31, 38] - 763.8254590000004
[128, 31, 41] - 741.2938360000003
[128, 31, 56] - 727.7266089999999
[128, 31, 57] - 732.7343010000001
[128, 31, 67] - 751.4230629999997
[128, 31, 71] - 732.7538560000004
[110, 90, 94] - 688.1259989999996
[110, 90, 97] - 682.5354199999997
[128, 31, 90] - 770.4920190000012
[128, 31, 94] - 766.5395039999999
[128, 31, 97] - 762.659796
[2, 5, 90] - 732.2975910000009
[2, 5, 94] - 731.0703819999998
[2, 5, 97] - 717.0888369999986
[120, 2, 42] - 832.5026369999996
[120, 2, 45] - 722.617818999999
[120, 2, 56] - 788.1422329999995
[120, 2, 63] - 737.6283780000005
[110, 94, 97] - 685.0357610000008
[36, 55, 57] - 708.982131
[128, 38, 71] - 887.2974450000006
[36, 55, 67] - 760.0247660000003
[36, 55, 79] - 808.197482999998
[104, 108, 67] - 674.2041059999992
[36, 56, 57] - 892.6490080000011
[36, 55, 88] - 761.1497189999992
[36, 56, 63] - 734.6992409999996
[36, 57, 6] - 754.8356559999986
[120, 24, 42] - 843.6411359999998
[120, 24, 45] - 721.9188859999994
[2, 56, 63] - 734.7971649999998
[2, 55, 90] - 808.6069180000002
[2, 55, 94] - 801.229861000002
[128, 41, 56] - 734.9092989999999
[2, 55, 97] - 755.7587819999991
[120, 24, 56] - 728.5856569999997
[128, 41, 67] - 740.0935869999993
[36, 57, 9] - 710.1899759999998
[120, 24, 63] - 790.6930649999995
[128, 41, 71] - 739.6599950000009
[2, 56, 90] - 857.8177310000013
[2, 56, 94] - 854.8871290000011
[2, 56, 97] - 858.2451729999992
[36, 6, 67] - 811.2871690000017
[36, 6, 71] - 761.499143
[2, 57, 90] - 790.140959999999
[2, 57, 94] - 786.8273430000007
[36, 6, 79] - 701.0164260000007
[2, 57, 97] - 756.8644649999997
[36, 6, 88] - 699.7947409999995
[12, 56, 90] - 723.6215450000003
[12, 56, 94] - 723.3514330000012
[12, 56, 97] - 720.5482160000004
[36, 63, 97] - 767.9208490000007
[2, 63, 90] - 743.9700590000001
[2, 63, 94] - 741.8035720000015
[2, 63, 97] - 745.9851080000012
[36, 66, 70] - 763.4302610000011
[2, 66, 70] - 734.1345990000009
[120, 36, 41] - 735.731655
[120, 36, 45] - 720.0978889999978
[120, 36, 5] - 716.5670809999989
[120, 36, 57] - 849.843867999999
[120, 36, 6] - 681.716679999999
[12, 67, 90] - 749.2672720000005
[120, 36, 63] - 746.6597770000027
[120, 38, 41] - 771.1767809999997
[120, 38, 42] - 835.9235409999984
[120, 38, 45] - 713.6995260000009
[120, 36, 79] - 791.7992760000002
[38, 41, 56] - 850.4341610000012
[120, 38, 57] - 750.2262300000001
[120, 36, 88] - 743.8547039999996
[38, 41, 6] - 814.0217410000006
[120, 38, 63] - 780.9845000000001
[38, 42, 45] - 723.1923320000018
[38, 41, 79] - 745.6653780000005
[120, 38, 79] - 694.5897340000005
[38, 42, 56] - 727.1222219999999
[38, 41, 88] - 740.6702999999992
[38, 42, 63] - 759.5695219999996
[128, 56, 57] - 770.9767330000013
[120, 41, 57] - 733.3548419999987
[120, 42, 45] - 726.975007000001
[38, 45, 56] - 722.1684759999998
[120, 42, 56] - 771.879592
[128, 57, 67] - 857.4437300000014
[38, 45, 63] - 719.4370210000008
[12, 71, 90] - 753.1623080000002
[120, 41, 90] - 776.4167799999992
[120, 42, 63] - 751.4604970000004
[128, 57, 71] - 856.4438240000009
[120, 41, 94] - 733.7140770000008
[120, 41, 97] - 734.7543390000009
[38, 45, 90] - 716.7560849999998
[38, 45, 94] - 716.3280059999996
[38, 45, 97] - 724.5151340000009
[104, 128, 23] - 771.8937119999985
[104, 128, 31] - 734.0055699999997
[104, 128, 36] - 865.5607419999992
[104, 128, 38] - 773.194235
[45, 90, 94] - 724.4079950000006
[104, 128, 41] - 741.6589189999999
[45, 90, 97] - 731.1027920000006
[104, 128, 56] - 769.8439150000008
[104, 128, 57] - 858.0565789999997
[104, 128, 67] - 856.5738639999988
[120, 45, 56] - 725.3120280000011
[104, 128, 71] - 856.5301030000003
[36, 77, 90] - 791.6875509999994
[120, 45, 63] - 721.9086520000004
[36, 77, 94] - 791.8226839999998
[36, 77, 97] - 793.6299549999995
[104, 128, 90] - 862.8459820000007
[104, 128, 94] - 854.2998589999982
[104, 128, 97] - 858.3707569999983
[120, 45, 90] - 719.7700699999989
[120, 45, 94] - 721.0618059999993
[120, 45, 97] - 727.6145250000004
[38, 5, 57] - 752.5087239999984
[45, 94, 97] - 730.5951910000017
[38, 5, 67] - 841.0341689999996
[38, 5, 71] - 787.2268500000008
[2, 79, 90] - 722.916378
[2, 79, 94] - 717.2236120000014
[2, 79, 97] - 693.9834060000005
[12, 79, 88] - 743.2545459999998
[114, 120, 2] - 736.2871939999986
[12, 79, 90] - 841.2440090000011
[114, 120, 24] - 768.7541630000001
[12, 79, 94] - 842.8905750000006
[12, 79, 97] - 731.264284
[114, 120, 36] - 771.609421999999
[114, 120, 38] - 735.0577109999984
[114, 120, 42] - 770.7123730000008
[114, 120, 45] - 720.6821579999989
[13, 36, 38] - 759.720641000001
[120, 5, 90] - 724.8260050000002
[120, 5, 94] - 716.3354620000008
[114, 120, 56] - 727.778699
[120, 5, 97] - 715.7963839999992
[114, 120, 63] - 737.1397540000013
[13, 36, 56] - 711.7518299999998
[114, 120, 90] - 771.1242970000002
[114, 120, 94] - 772.1966600000009
[114, 120, 97] - 770.8258789999999
[13, 36, 90] - 878.5067819999977
[13, 36, 94] - 886.3968340000002
[13, 36, 97] - 846.905947
[38, 55, 67] - 715.868284
[13, 38, 90] - 835.0547609999993
[13, 38, 94] - 760.6021890000026
[38, 56, 57] - 844.0747109999999
[13, 38, 97] - 800.0207139999994
[38, 56, 63] - 726.2717700000004
[38, 56, 79] - 729.2684049999997
[38, 57, 6] - 720.6916249999989
[38, 56, 88] - 718.2744920000001
[36, 86, 90] - 797.5677269999991
[36, 86, 94] - 796.2818379999993
[36, 86, 97] - 794.5608969999998
[38, 57, 67] - 870.533524000001
[38, 57, 71] - 868.1909479999997
[86, 90, 97] - 796.3129529999985
[104, 23, 31] - 773.9039040000016
[86, 90, 94] - 798.5302609999993
[104, 23, 56] - 891.1678009999993
[120, 56, 63] - 728.738137000002
[104, 23, 79] - 858.7442599999985
[38, 6, 67] - 696.6707320000008
[120, 56, 67] - 799.9329249999989
[120, 56, 71] - 796.4988370000011
[104, 23, 88] - 857.7139789999986
[2, 88, 90] - 709.5613269999993
[2, 88, 94] - 699.6545909999999
[86, 94, 97] - 797.4961140000001
[2, 88, 97] - 677.2578730000007
[120, 57, 90] - 847.976331
[120, 57, 94] - 849.9953039999999
[120, 57, 97] - 808.9640110000009
[12, 88, 90] - 845.1657299999997
[12, 88, 94] - 840.8430250000013
[12, 88, 97] - 735.1152359999994
[38, 63, 90] - 916.6400690000006
[120, 6, 90] - 691.8123149999996
[120, 6, 94] - 679.4650089999996
[38, 63, 94] - 836.1612560000007
[38, 63, 97] - 840.955861999998
[120, 6, 97] - 678.3059789999992
[38, 66, 70] - 733.1682609999993
[120, 63, 90] - 786.0593450000008
[120, 63, 94] - 747.8583860000003
[120, 63, 97] - 793.0449439999998
[104, 31, 38] - 891.3131409999977
[104, 31, 56] - 723.7457240000016
[104, 31, 57] - 776.6589949999992
[114, 2, 24] - 770.4077020000003
[114, 2, 36] - 760.3275709999992
[114, 2, 38] - 755.7852419999997
[114, 2, 42] - 752.644415999999
[104, 31, 97] - 849.4051829999986
[114, 2, 45] - 727.590112999999
[114, 2, 56] - 733.8528610000004
[121, 36, 38] - 721.5445450000004
[114, 2, 63] - 742.9160970000014
[121, 36, 41] - 691.3408109999997
[120, 67, 71] - 802.851554999999
[114, 2, 90] - 771.5594909999992
[121, 38, 41] - 692.3235530000013
[114, 2, 94] - 765.0912489999987
[114, 2, 97] - 751.8798639999992
[121, 36, 90] - 722.5434219999993
[121, 36, 94] - 718.0761820000008
[104, 36, 5] - 804.9797179999988
[121, 36, 97] - 706.7488700000005
[104, 36, 55] - 706.2487760000015
[104, 36, 56] - 894.8292820000003
[121, 38, 90] - 718.4998800000011
[121, 38, 94] - 714.0955019999997
[104, 38, 5] - 724.5135299999998
[121, 38, 97] - 703.9966020000005
[104, 38, 56] - 846.1745519999998
[114, 24, 38] - 762.7915079999988
[114, 24, 42] - 779.4001540000002
[114, 24, 45] - 726.3647890000005
[114, 24, 56] - 733.7113390000004
[114, 24, 63] - 866.9414470000011
[13, 56, 90] - 703.8396469999999
[13, 56, 94] - 709.2131990000008
[13, 56, 97] - 707.251269999999
[121, 41, 90] - 690.3711170000007
[121, 41, 94] - 687.4301719999997
[121, 41, 97] - 678.1143609999996
[104, 41, 56] - 852.0341490000005
[63, 90, 97] - 846.1072729999995
[114, 24, 97] - 780.4050759999996
[104, 41, 79] - 823.5454580000005
[104, 41, 88] - 825.3458900000018
[38, 77, 90] - 783.1128699999994
[38, 77, 94] - 784.2586539999977
[38, 77, 97] - 787.3498869999995
[63, 94, 97] - 766.3664029999989
[120, 79, 90] - 785.3383670000003
[120, 79, 94] - 785.0091279999991
[120, 79, 97] - 752.1096900000009
[104, 5, 67] - 768.3490979999981
[13, 67, 90] - 701.3752099999991
[104, 5, 71] - 722.4914560000014
[13, 67, 97] - 681.4919159999998
[114, 36, 38] - 845.7420150000002
[104, 5, 90] - 825.2180859999988
[114, 36, 42] - 781.6756179999987
[104, 5, 94] - 795.7821220000004
[114, 36, 45] - 725.1378460000002
[104, 5, 97] - 768.5015859999997
[114, 36, 56] - 733.2784570000018
[114, 38, 42] - 737.1582849999993
[114, 38, 45] - 717.1307060000028
[114, 38, 56] - 724.2946929999996
[114, 38, 63] - 818.6809279999991
[114, 36, 97] - 781.7515329999999
[55, 57, 90] - 713.5769359999994
[55, 57, 94] - 707.9907330000012
[38, 86, 90] - 792.7950729999982
[38, 86, 94] - 793.6279329999996
[122, 24, 36] - 730.8395669999999
[38, 86, 97] - 791.1698279999996
[114, 38, 90] - 854.9475960000005
[122, 24, 41] - 729.9539219999999
[114, 38, 94] - 850.5290319999987
[114, 38, 97] - 737.7422139999999
[122, 24, 90] - 733.3801080000004
[122, 24, 94] - 738.9448089999995
[104, 55, 67] - 722.2966989999995
[114, 42, 45] - 731.974956999999
[104, 55, 79] - 700.271832999999
[114, 42, 56] - 736.3536149999994
[114, 42, 63] - 746.5715589999994
[104, 56, 57] - 885.7278350000009
[104, 55, 88] - 695.9513269999997
[104, 55, 90] - 786.8572169999984
[104, 55, 94] - 693.0854470000006
[104, 56, 67] - 826.0873029999992
[104, 56, 71] - 834.0415949999986
[38, 9, 90] - 700.2987440000004
[38, 9, 94] - 697.1957260000003
[38, 9, 97] - 701.7518690000003
[114, 42, 90] - 779.5519669999987
[114, 42, 94] - 777.4126840000016
[114, 42, 97] - 786.3706679999996
[104, 56, 90] - 890.362756999998
[104, 56, 94] - 888.8188869999981
[104, 56, 97] - 887.6507919999995
[120, 88, 90] - 739.6194249999994
[120, 88, 94] - 733.0518410000006
[120, 88, 97] - 704.4526119999997
[114, 45, 56] - 730.2897679999999
[114, 45, 63] - 726.9363990000013
[114, 45, 90] - 724.0559839999984
[114, 45, 94] - 723.8210259999969
[114, 45, 97] - 731.6792730000005
[55, 67, 71] - 694.3475399999993
[55, 67, 79] - 716.6704950000008
[55, 67, 88] - 699.594733
[55, 67, 90] - 838.589714000002
[55, 67, 94] - 743.5921830000009
[1, 104, 128] - 768.524841000001
[1, 104, 56] - 759.7026979999986
[1, 104, 57] - 780.9324559999993
[1, 107, 36] - 748.499881
[1, 107, 41] - 725.4837650000013
[1, 104, 79] - 757.3352250000014
[55, 71, 90] - 732.5838779999996
[122, 36, 79] - 827.3498699999982
[1, 104, 88] - 762.9652120000005
[107, 36, 41] - 739.9601600000004
[122, 36, 88] - 828.8163299999994
[1, 108, 36] - 776.5559499999996
[1, 108, 41] - 748.7148890000001
[122, 36, 97] - 868.2452100000014
[107, 36, 67] - 741.9416499999994
[1, 107, 90] - 741.0704819999995
[107, 36, 71] - 700.3493279999992
[1, 107, 94] - 737.7650200000003
[1, 108, 67] - 687.4490069999986
[1, 107, 97] - 733.8946399999995
[107, 36, 90] - 852.0473960000012
[107, 36, 94] - 846.7685329999988
[107, 36, 97] - 846.4264139999992
[1, 108, 90] - 793.1665000000005
[1, 108, 94] - 778.3412289999987
[1, 108, 97] - 797.2407459999986
[122, 41, 79] - 765.7963240000003
[122, 41, 88] - 768.8437589999992
[122, 41, 97] - 806.1316809999998
[114, 56, 63] - 734.2487590000003
[114, 56, 90] - 731.3068550000003
[114, 56, 94] - 729.938992
[114, 56, 97] - 736.7318570000008
[107, 41, 90] - 732.5706839999993
[107, 41, 94] - 732.0878739999998
[107, 41, 97] - 727.0257889999998
[55, 79, 88] - 738.5426580000004
[55, 79, 90] - 811.0473610000006
[55, 79, 94] - 794.5800740000004
[13, 90, 94] - 882.1976930000022
[13, 90, 97] - 917.3820049999998
[114, 63, 97] - 746.5525479999991
[13, 94, 97] - 846.0786129999991
[56, 57, 67] - 828.0298720000006
[56, 57, 71] - 833.0723800000012
[1, 122, 36] - 696.2057330000004
[1, 122, 41] - 691.7117569999997
[56, 57, 90] - 887.996074
[56, 57, 94] - 890.902047999999
[56, 57, 97] - 887.184062999999
[1, 122, 79] - 698.323175000001
[55, 88, 90] - 761.3421919999984
[55, 88, 94] - 743.9620610000013
[1, 122, 88] - 701.6267670000011
[1, 122, 90] - 694.8894699999998
[1, 122, 94] - 697.5736180000004
[56, 63, 90] - 733.0780739999987
[56, 63, 94] - 731.8209060000004
[1, 128, 23] - 765.7665910000006
[56, 63, 97] - 738.0922489999992
[1, 128, 31] - 747.2104329999986
[1, 128, 36] - 798.4432920000017
[1, 128, 38] - 744.3190580000004
[1, 128, 41] - 732.9222710000001
[1, 128, 56] - 763.9767580000002
[1, 128, 57] - 769.1049399999991
[1, 128, 67] - 785.9169550000004
[1, 128, 71] - 769.6415320000011
[23, 31, 36] - 859.5030349999995
[23, 31, 38] - 844.8609280000002
[1, 128, 90] - 792.3483729999994
[23, 31, 41] - 859.7747239999989
[1, 128, 94] - 788.5911640000022
[1, 128, 97] - 786.5882670000008
[23, 31, 56] - 724.0969130000001
[23, 31, 57] - 772.4019700000005
[23, 31, 67] - 855.1686849999991
[23, 31, 71] - 854.7289930000012
[56, 67, 79] - 733.3219100000005
[121, 90, 94] - 714.3356549999986
[121, 90, 97] - 702.2599570000006
[56, 67, 88] - 736.3905630000013
[23, 31, 90] - 855.6969380000002
[23, 31, 94] - 850.8439940000001
[23, 31, 97] - 728.5976970000005
[23, 36, 5] - 693.172831999999
[121, 94, 97] - 700.080896000001
[23, 38, 5] - 673.6641770000001
[23, 38, 57] - 890.554086999998
[23, 38, 56] - 847.7697159999994
[23, 38, 79] - 860.5148690000003
[56, 71, 79] - 747.569983
[23, 38, 88] - 851.1842140000009
[56, 71, 88] - 741.1159120000002
[108, 36, 41] - 726.0088570000003
[107, 67, 90] - 738.8182830000001
[107, 67, 94] - 729.8805280000005
[108, 36, 67] - 762.373635000001
[107, 67, 97] - 729.2782949999986
[108, 36, 71] - 725.5708429999981
[23, 41, 56] - 855.6141509999991
[108, 36, 90] - 868.616916999999
[108, 36, 94] - 868.4102339999992
[108, 36, 97] - 869.4208259999996
[23, 41, 79] - 749.7979320000012
[23, 41, 88] - 747.3110569999993
[1, 23, 31] - 815.8933429999998
[1, 23, 56] - 760.1179739999999
[1, 23, 57] - 775.9629399999994
[1, 24, 31] - 742.7029800000013
[107, 71, 90] - 694.9606369999997
[108, 41, 90] - 744.1413259999995
[107, 71, 94] - 685.5601089999998
[108, 41, 94] - 728.3643870000017
[107, 71, 97] - 686.1907240000018
[108, 41, 97] - 748.4957200000005
[1, 24, 90] - 737.748512999999
[56, 79, 88] - 862.6869249999999
[41, 5, 57] - 707.2656370000003
[41, 5, 67] - 737.3381109999984
[41, 5, 71] - 693.6059890000001
[114, 90, 97] - 780.0514880000005
[23, 5, 90] - 687.5278610000003
[23, 5, 94] - 685.0737250000003
[31, 36, 5] - 704.1805440000004
[122, 79, 88] - 831.704396
[122, 79, 90] - 825.501723999998
[31, 36, 57] - 813.924427
[122, 79, 94] - 828.9916910000006
[122, 79, 97] - 687.0279219999993
[1, 31, 5] - 717.4143459999997
[1, 31, 57] - 770.0589660000005
[31, 38, 56] - 721.3411969999988
[16, 36, 41] - 838.3077560000011
[31, 38, 57] - 770.0094190000015
[66, 70, 90] - 762.7668550000005
[31, 36, 9] - 711.8615059999996
[66, 70, 94] - 764.0896290000005
[66, 70, 97] - 733.0275639999995
[114, 94, 97] - 777.1798239999993
[1, 31, 9] - 703.8952439999994
[31, 38, 97] - 874.697813
[16, 36, 90] - 877.3412110000019
[16, 36, 94] - 882.8505930000016
[16, 36, 97] - 825.4910979999993
[31, 41, 5] - 682.0860649999996
[41, 56, 57] - 851.9077089999992
[31, 41, 57] - 783.1966810000001
[1, 36, 5] - 877.5232170000012
[41, 56, 79] - 792.7710749999999
[1, 36, 57] - 822.2244809999996
[1, 36, 6] - 700.4489920000002
[31, 41, 79] - 883.5314240000001
[41, 56, 88] - 793.9352079999992
[41, 57, 6] - 730.4841049999998
[31, 41, 88] - 887.1643640000007
[41, 57, 67] - 841.9732020000006
[41, 57, 71] - 840.3197440000002
[23, 56, 57] - 890.0546949999999
[23, 56, 67] - 828.1158189999993
[1, 38, 56] - 714.8115270000006
[1, 38, 57] - 737.712427
[1, 36, 9] - 717.3302790000002
[23, 56, 71] - 835.1200650000001
[23, 56, 90] - 891.4385790000006
[57, 6, 90] - 756.0769779999981
[57, 6, 94] - 754.743524
[23, 56, 97] - 888.5141019999998
[57, 6, 97] - 731.8986980000004
[23, 57, 67] - 878.2726649999988
[16, 41, 90] - 828.8843279999993
[23, 57, 71] - 882.8457970000011
[16, 41, 94] - 838.5951969999996
[16, 41, 97] - 778.937980000001
[23, 57, 97] - 891.3510529999996
[1, 41, 5] - 834.1712759999988
[24, 29, 36] - 782.9838890000015
[1, 41, 57] - 747.6725649999995
[24, 29, 38] - 782.4169029999988
[122, 88, 90] - 826.4301489999998
[122, 88, 94] - 826.728523999998
[122, 88, 97] - 690.0458270000008
[24, 29, 90] - 786.3840800000021
[24, 29, 94] - 787.3933599999992
[24, 29, 97] - 787.112174
[24, 31, 36] - 676.0405379999988
[122, 90, 97] - 864.5050349999999
[24, 31, 90] - 755.0466559999999
[24, 31, 94] - 675.8054520000006
[31, 5, 90] - 720.1649339999997
[31, 5, 94] - 698.7740139999989
[107, 90, 94] - 838.2097499999999
[107, 90, 97] - 839.7894170000004
[24, 36, 45] - 726.6048950000018
[23, 67, 79] - 835.9797709999998
[122, 94, 97] - 875.0971900000019
[24, 36, 55] - 868.5217390000001
[24, 36, 6] - 778.3163749999998
[23, 67, 88] - 833.8188200000002
[24, 36, 63] - 888.9175979999998
[24, 36, 67] - 797.4245170000002
[11, 120, 36] - 763.7848969999995
[11, 120, 38] - 744.084279
[24, 36, 71] - 769.3996730000002
[24, 38, 42] - 839.5728879999999
[24, 38, 45] - 717.9333999999991
[24, 38, 56] - 724.6529140000009
[24, 38, 55] - 764.479102999999
[24, 38, 63] - 836.1925779999999
[107, 94, 97] - 832.8660620000006
[1, 5, 67] - 753.1662679999991
[1, 5, 71] - 702.8088000000006
[11, 120, 90] - 758.0791440000002
[11, 120, 94] - 759.3532909999994
[11, 120, 97] - 742.0603380000006
[5, 55, 90] - 713.121631
[5, 55, 94] - 682.5947759999995
[1, 5, 90] - 889.5231899999993
[108, 67, 71] - 689.9938109999987
[1, 5, 94] - 867.3544189999983
[1, 5, 97] - 806.5048049999992
[108, 67, 90] - 780.241353000001
[41, 71, 79] - 882.8269189999987
[108, 67, 94] - 759.7101439999999
[108, 67, 97] - 781.4080869999987
[41, 71, 88] - 880.039796000001
[31, 56, 57] - 724.0586710000001
[24, 41, 55] - 763.8570990000007
[5, 57, 90] - 829.8404370000009
[5, 57, 94] - 826.4979180000004
[24, 42, 45] - 731.5747309999995
[5, 57, 97] - 816.6642280000011
[23, 71, 79] - 763.370508
[31, 56, 88] - 676.1349399999993
[24, 42, 56] - 735.3132559999998
[31, 57, 67] - 788.9159310000016
[23, 71, 88] - 758.3406289999995
[24, 42, 63] - 768.0224499999991
[31, 57, 71] - 788.7669479999998
[31, 57, 90] - 809.3705800000006
[31, 57, 94] - 809.3603020000002
[31, 57, 97] - 759.845630000001
[42, 45, 56] - 735.2623830000001
[42, 45, 63] - 732.9415479999992
[42, 45, 90] - 730.7240050000008
[42, 45, 94] - 730.9722519999991
[42, 45, 97] - 737.9353040000017
[31, 6, 90] - 683.0076559999995
[24, 45, 56] - 730.7747739999994
[108, 71, 90] - 740.1792649999998
[24, 45, 63] - 727.7237680000006
[108, 71, 94] - 722.5010509999992
[1, 56, 57] - 761.5127349999992
[108, 71, 97] - 743.579014
[1, 55, 90] - 700.1757509999984
[100, 114, 120] - 760.799743000001
[1, 56, 79] - 711.3829640000015
[100, 114, 2] - 739.7398489999994
[24, 45, 90] - 726.2792609999997
[24, 45, 94] - 726.6118720000014
[100, 114, 24] - 771.0499559999994
[1, 56, 88] - 716.7724800000009
[24, 45, 97] - 732.620886
[1, 57, 67] - 792.0094729999996
[100, 114, 36] - 849.7031419999994
[100, 114, 38] - 808.0098800000006
[1, 57, 71] - 795.855693
[100, 114, 42] - 772.3963440000007
[100, 114, 45] - 719.6867809999987
[100, 114, 56] - 728.364939000001
[1, 57, 90] - 814.988463
[100, 114, 63] - 822.6983869999989
[1, 57, 94] - 815.6926749999984
[1, 57, 97] - 793.5674859999986
[100, 114, 90] - 846.1774730000006
[100, 114, 94] - 840.3430419999996
[100, 114, 97] - 771.8599240000005
[1, 6, 90] - 722.0923639999996
[1, 6, 94] - 701.1822010000009
[1, 6, 97] - 692.4112580000011
[5, 67, 71] - 841.9277209999987
[5, 67, 79] - 695.5621199999985
[23, 79, 88] - 718.9596159999999
[5, 67, 88] - 694.4804159999994
[23, 79, 97] - 807.9788319999986
[24, 5, 97] - 876.9748740000006
[31, 67, 79] - 677.780812000001
[100, 120, 2] - 732.978402999999
[100, 120, 24] - 766.8490110000006
[11, 2, 36] - 730.5453429999997
[11, 2, 38] - 734.3335809999982
[100, 120, 36] - 762.8925450000003
[100, 120, 38] - 726.8425459999999
[100, 120, 42] - 767.711752000001
[100, 120, 45] - 717.8273290000003
[100, 120, 56] - 725.1048870000013
[100, 120, 63] - 735.2507410000003
[11, 2, 90] - 738.4852250000006
[11, 2, 94] - 736.7151629999994
[11, 2, 97] - 704.9075000000006
[100, 120, 90] - 762.7236040000006
[100, 120, 94] - 763.6885189999988
[42, 56, 63] - 736.7119630000001
[100, 120, 97] - 767.9704190000004
[42, 56, 90] - 776.6303490000013
[42, 56, 94] - 775.8899939999999
[42, 56, 97] - 782.8291230000002
[24, 55, 90] - 962.6080220000026
[24, 56, 63] - 734.5587899999994
[24, 55, 94] - 873.0509749999977
[24, 55, 97] - 813.8604759999996
[11, 23, 36] - 682.7829990000002
[11, 23, 38] - 674.2898420000002
[24, 56, 79] - 800.2322180000007
[24, 56, 88] - 800.7396860000001
[11, 23, 67] - 678.633313
[11, 24, 36] - 693.6626919999993
[11, 24, 38] - 685.4294949999987
[57, 9, 90] - 713.254094000003
[11, 23, 90] - 673.9177770000013
[57, 9, 94] - 709.0956219999991
[57, 9, 97] - 717.2600020000001
[11, 24, 90] - 703.0181770000016
[11, 24, 94] - 702.1404049999996
[11, 24, 97] - 680.0446470000004
[23, 88, 97] - 807.785737999999
[41, 9, 97] - 854.8451339999993
[1, 71, 79] - 892.7207030000005
[24, 6, 90] - 803.4915829999999
[24, 6, 94] - 783.387812000002
[24, 6, 97] - 803.6073090000019
[1, 71, 88] - 876.6203620000006
[42, 63, 90] - 766.7063960000007
[42, 63, 94] - 765.9609459999998
[42, 63, 97] - 771.1745360000017
[5, 79, 88] - 767.5165789999993
[5, 79, 97] - 861.5309840000002
[1, 100] - 731.1178
[1, 11] - 854.8453
[1, 12] - 716.2374999999993
[1, 120] - 677.5502999999997
[1, 13] - 717.1384999999997
[1, 16] - 718.1877999999999
[1, 39] - 836.0716000000009
[100, 12] - 826.5073999999995
[100, 13] - 686.9238999999998
[100, 31] - 752.9726999999992
[100, 41] - 686.7819999999992
[102, 110] - 725.538
[100, 67] - 898.6327999999978
[102, 2] - 731.7608999999995
[102, 24] - 725.3585999999998
[102, 29] - 726.8569999999995
[102, 36] - 726.0603999999995
[102, 38] - 728.627700000001
[102, 41] - 723.2548000000005
[104, 107] - 832.0356999999985
[104, 11] - 859.6557999999983
[102, 55] - 725.2176999999992
[102, 57] - 728.9661999999998
[104, 12] - 682.9665999999994
[104, 120] - 880.6397999999998
[102, 66] - 731.9170000000003
[102, 70] - 729.3798999999989
[102, 90] - 725.0941999999995
[102, 94] - 732.2725000000002
[102, 97] - 725.7515999999998
[107, 23] - 750.3136000000001
[104, 6] - 799.2282999999981
[107, 31] - 800.1910999999984
[107, 38] - 804.3875999999993
[108, 23] - 778.8725999999996
[107, 56] - 771.0200999999996
[104, 9] - 700.5398999999979
[108, 31] - 833.7396000000005
[108, 38] - 837.2555000000001
[107, 79] - 799.4464000000005
[108, 56] - 802.512999999999
[107, 88] - 798.101799999999
[11, 128] - 839.2913999999987
[108, 79] - 832.4802999999996
[108, 88] - 842.5056999999989
[11, 5] - 809.3689000000012
[110, 2] - 893.1762
[110, 24] - 750.1889000000006
[11, 55] - 857.9791
[11, 6] - 745.6112999999991
[110, 29] - 887.977899999999
[110, 41] - 879.6183000000004
[11, 79] - 846.241599999997
[110, 55] - 753.0133000000002
[110, 57] - 885.4230000000002
[11, 88] - 817.4199
[110, 66] - 728.8280999999995
[110, 70] - 726.4951999999996
[114, 67] - 716.6045999999994
[114, 71] - 710.7051000000007
[114, 79] - 779.6867999999981
[114, 88] - 723.5307000000012
[12, 120] - 730.7948999999992
[119, 36] - 775.548199999999
[12, 2] - 795.1362999999989
[12, 41] - 869.2763999999991
[120, 13] - 779.1862999999981
[119, 79] - 775.261099999999
[120, 23] - 741.5964999999992
[119, 88] - 770.7029000000014
[120, 29] - 764.6928999999999
[119, 90] - 775.397000000001
[12, 63] - 734.0302999999981
[120, 31] - 683.6529999999997
[119, 94] - 772.7680999999978
[119, 97] - 686.1769000000006
[120, 55] - 692.8907999999991
[120, 66] - 872.8116999999997
[120, 70] - 840.2810999999988
[120, 77] - 764.6471999999995
[120, 86] - 766.7163999999995
[121, 57] - 864.188599999998
[122, 31] - 756.9955999999993
[122, 39] - 733.2676999999994
[122, 55] - 697.1664999999988
[122, 67] - 699.1301999999993
[128, 2] - 718.8497999999989
[128, 24] - 749.0191999999988
[128, 5] - 887.0259000000001
[13, 24] - 811.5185999999977
[128, 6] - 763.6936999999996
[13, 41] - 678.2310000000001
[128, 79] - 690.9277999999989
[128, 88] - 675.4373
[128, 9] - 698.8730999999993
[13, 71] - 882.613
[13, 79] - 688.5953999999972
[16, 24] - 795.9685999999991
[16, 31] - 728.9603999999991
[16, 38] - 791.5145000000001
[16, 57] - 789.4778999999994
[2, 6] - 883.6352000000003
[2, 67] - 866.3328999999999
[20, 36] - 839.8924000000012
[20, 38] - 826.8417999999995
[2, 71] - 857.5118999999991
[2, 77] - 730.6251999999985
[2, 86] - 731.2127000000012
[20, 56] - 804.7429999999997
[20, 90] - 850.2202999999995
[20, 94] - 838.898700000001
[20, 97] - 808.1379999999988
[23, 55] - 710.0758000000011
[23, 6] - 783.897899999998
[24, 39] - 847.0004999999991
[24, 57] - 885.5000999999997
[24, 77] - 730.0843999999995
[24, 86] - 741.0261000000008
[24, 9] - 873.395
[29, 41] - 883.1559999999997
[29, 55] - 725.1498999999991
[29, 57] - 890.3175999999995
[29, 66] - 893.4657999999987
[29, 70] - 892.4576999999998
[31, 39] - 794.932299999999
[36, 39] - 890.204700000001
[36, 50] - 882.6211999999982
[36, 53] - 693.7727999999995
[36, 60] - 768.1295000000009
[39, 41] - 734.1478999999998
[39, 79] - 892.5987000000005
[39, 88] - 854.6797999999978
[39, 90] - 892.7047999999991
[39, 94] - 891.2456999999994
[39, 97] - 735.3602999999995
[41, 50] - 771.4913999999982
[41, 66] - 830.9126999999984
[41, 70] - 806.7655999999988
[42, 71] - 860.984199999999
[42, 88] - 876.085
[5, 9] - 692.6437999999996
[50, 90] - 880.1351999999986
[50, 94] - 875.5846999999989
[50, 97] - 823.6581999999994
[53, 90] - 697.5183999999994
[53, 94] - 689.4255000000002
[55, 66] - 854.8358999999992
[55, 70] - 810.1495999999987
[56, 77] - 813.5938999999997
[56, 86] - 820.2493999999991
[56, 9] - 799.6114999999999
[57, 66] - 733.2726
[57, 70] - 729.6517999999993
[57, 79] - 744.8295000000005
[57, 88] - 709.7836
[60, 79] - 770.3571000000003
[60, 88] - 772.7486000000001
[60, 90] - 763.7903999999999
[60, 94] - 766.8702999999983
[60, 97] - 768.8287999999978
[63, 67] - 806.4750999999998
[63, 71] - 781.332600000001
[63, 79] - 749.2344999999997
[63, 88] - 731.3336999999989
[67, 9] - 821.1853000000012
[71, 9] - 816.9160999999988
[79, 9] - 697.6597999999996
[125] - 857.2100000000002
[21] - 784.9200000000003
[22] - 805.0400000000012
[44] - 834.7400000000002
