Total itemsets found: 1162
Elapsed time: 31560ms
[36, 38, 41, 94, 97] - 949.4851944688991
[36, 38, 41, 90, 97] - 950.5341658299018
[36, 38, 41, 90, 94] - 1033.7495008186
[38, 71, 90, 94, 97] - 869.6807252746
[36, 79, 88, 90, 94] - 901.8403590951
[120, 38, 90, 94, 97] - 861.8037759765994
[36, 41, 90, 94, 97] - 1190.8983712893016
[36, 67, 90, 94, 97] - 1110.1026109222987
[36, 38, 67, 94, 97] - 927.7014931624004
[36, 38, 67, 90, 94] - 1000.663444098099
[36, 38, 67, 90, 97] - 936.6106908419018
[36, 79, 90, 94, 97] - 1006.639682614602
[36, 57, 90, 94, 97] - 875.8588906382997
[36, 38, 56, 94, 97] - 887.196496873
[2, 36, 38, 94, 97] - 873.9541254670994
[36, 38, 56, 90, 97] - 888.1219776885998
[36, 38, 56, 90, 94] - 886.3087595830028
[1, 36, 41, 90, 94] - 946.7910162906
[2, 36, 38, 90, 97] - 875.9478800737991
[2, 36, 38, 90, 94] - 896.8556805133996
[1, 36, 90, 94, 97] - 893.6902879165983
[2, 36, 90, 94, 97] - 902.7912371662997
[38, 56, 90, 94, 97] - 882.3019191591007
[1, 36, 67, 90, 94] - 852.7001284039982
[67, 71, 90, 94, 97] - 866.3595953303994
[36, 88, 90, 94, 97] - 989.1533013303997
[36, 56, 90, 94, 97] - 1156.364039304703
[38, 41, 90, 94, 97] - 945.852925213199
[36, 71, 90, 94, 97] - 1056.0303834135993
[36, 5, 90, 94, 97] - 850.7349204227023
[2, 38, 90, 94, 97] - 874.0926438333998
[38, 67, 90, 94, 97] - 924.7737599152003
[36, 67, 71, 94, 97] - 867.3350142328004
[36, 67, 71, 90, 97] - 877.663627019898
[36, 67, 71, 90, 94] - 958.0669011477986
[36, 38, 71, 90, 97] - 880.5593340694004
[36, 38, 71, 90, 94] - 943.0727153448022
[120, 36, 38, 90, 97] - 864.0857595242013
[120, 36, 38, 90, 94] - 882.3496484144996
[120, 36, 38, 94, 97] - 863.3850594247001
[36, 38, 90, 94, 97] - 1484.3077564617015
[120, 36, 90, 94, 97] - 921.2195983412996
[24, 36, 90, 94, 97] - 1066.9958359148998
[36, 38, 71, 94, 97] - 873.1572036015012
[36, 41, 67, 94] - 1120.0126865900013
[36, 41, 67, 97] - 979.4979531899992
[31, 36, 71, 94] - 893.64773937
[31, 36, 71, 90] - 896.8266112100006
[36, 41, 67, 71] - 944.7312614100017
[36, 41, 67, 90] - 1128.0982285699997
[128, 36, 38, 94] - 930.8140003599971
[128, 36, 38, 97] - 922.6052222600005
[128, 36, 38, 90] - 933.5961464100003
[1, 41, 71, 97] - 931.572438250001
[1, 41, 71, 94] - 983.9539908600002
[1, 41, 71, 90] - 1049.5425143700043
[1, 31, 56, 97] - 862.0064207000031
[1, 31, 56, 94] - 863.9984372899988
[1, 31, 56, 90] - 859.6405946800014
[36, 41, 71, 90] - 1066.97299115
[1, 36, 67, 71] - 959.683816179999
[36, 41, 71, 94] - 1061.7163458499958
[38, 56, 67, 90] - 861.0304805300013
[1, 36, 67, 97] - 1017.5912299200019
[38, 56, 67, 94] - 858.393522710001
[38, 56, 67, 97] - 859.7631887199989
[104, 90, 94, 97] - 1062.1522429299994
[36, 41, 71, 97] - 924.6404317299989
[41, 56, 90, 97] - 957.3148310799995
[41, 56, 90, 94] - 959.2446414800036
[31, 67, 71, 90] - 845.5340955100007
[38, 56, 71, 90] - 860.5859395200005
[38, 56, 71, 94] - 857.5011303000011
[38, 56, 71, 97] - 860.8200695900016
[41, 56, 94, 97] - 960.8664749499997
[1, 38, 41, 71] - 844.8201488399986
[1, 38, 41, 67] - 906.6920213100004
[1, 41, 79, 94] - 860.0294605500021
[1, 38, 41, 90] - 907.1871329899998
[1, 36, 71, 90] - 1069.670401509999
[1, 41, 79, 90] - 860.7500133799992
[1, 36, 71, 97] - 945.5665521999999
[1, 36, 71, 94] - 1064.741494800002
[104, 71, 90, 97] - 1025.664046419999
[104, 71, 90, 94] - 1035.6505170300015
[36, 38, 41, 71] - 858.2064989999996
[36, 41, 79, 88] - 843.7143735200026
[36, 41, 79, 90] - 975.4215946300003
[36, 41, 79, 94] - 972.7100925300009
[1, 31, 67, 90] - 939.4437613300012
[36, 38, 41, 57] - 1083.741644589999
[36, 38, 41, 67] - 920.5120507000017
[1, 31, 67, 94] - 874.4855625500016
[104, 38, 90, 94] - 1037.9484443599995
[104, 38, 90, 97] - 1064.6143433400011
[104, 71, 94, 97] - 952.2001454400001
[1, 67, 71, 94] - 945.0373689100011
[1, 67, 71, 90] - 1013.8291180599998
[31, 41, 90, 97] - 933.6313850300035
[31, 41, 90, 94] - 1061.8699452900005
[1, 67, 71, 97] - 914.898129559999
[31, 41, 94, 97] - 877.0929012200005
[104, 38, 94, 97] - 995.0447354100012
[11, 90, 94, 97] - 959.9362739499974
[1, 31, 71, 94] - 861.8639560900017
[1, 36, 79, 94] - 965.4117327099992
[1, 31, 71, 90] - 922.5489199499988
[1, 36, 79, 90] - 968.1908635200004
[1, 41, 88, 90] - 863.2220345800016
[1, 41, 88, 94] - 864.8478363799989
[56, 88, 90, 94] - 898.9086719199979
[56, 88, 90, 97] - 899.8921945399986
[36, 41, 88, 90] - 977.8421938300019
[36, 41, 88, 94] - 979.1830051500018
[36, 38, 5, 90] - 949.4112424199999
[1, 41, 90, 97] - 1148.7514370399992
[31, 36, 90, 97] - 952.9497245400006
[31, 36, 90, 94] - 1141.6774716700022
[36, 38, 5, 97] - 912.217210039999
[36, 38, 5, 94] - 948.549186029999
[1, 23, 90, 94] - 865.3533574199998
[31, 36, 94, 97] - 954.9822635300002
[1, 41, 94, 97] - 1087.9900133999986
[56, 88, 94, 97] - 904.8486386099995
[31, 67, 90, 94] - 903.9178389300024
[11, 38, 90, 94] - 1012.8832799999996
[38, 41, 57, 94] - 1082.2205860200006
[38, 41, 57, 97] - 1044.1527053799994
[11, 38, 90, 97] - 951.0384892200019
[38, 41, 57, 90] - 1083.4330121800024
[36, 67, 79, 88] - 877.141338920002
[36, 67, 79, 90] - 1092.3294182899995
[36, 67, 79, 94] - 1079.9833605100007
[1, 36, 88, 94] - 949.6859929099984
[120, 38, 56, 94] - 853.1370498699996
[120, 38, 56, 97] - 858.0828577899983
[1, 36, 88, 90] - 949.7109530400002
[36, 67, 79, 97] - 971.9906214199996
[120, 38, 56, 90] - 854.2143752800015
[36, 38, 55, 90] - 912.6531725299999
[11, 38, 94, 97] - 950.9840029600007
[36, 38, 56, 67] - 862.5645554400003
[36, 38, 55, 94] - 903.7012887199998
[24, 38, 90, 94] - 1057.9491534800027
[24, 38, 90, 97] - 1099.8938222999998
[36, 38, 56, 71] - 862.44664191
[24, 38, 94, 97] - 1037.9581957100024
[36, 38, 57, 90] - 1115.6199124900004
[36, 38, 57, 97] - 1076.0423488800002
[36, 38, 57, 94] - 1114.3856754600013
[41, 67, 71, 94] - 932.2625014799987
[41, 67, 71, 90] - 1003.22877783
[41, 67, 71, 97] - 883.5967350099988
[71, 88, 90, 97] - 892.63027006
[71, 88, 90, 94] - 992.0920721400024
[120, 2, 90, 94] - 896.6965853300013
[120, 2, 90, 97] - 877.3663858300006
[38, 41, 67, 71] - 896.5429870100003
[1, 38, 67, 71] - 870.2498207599988
[38, 41, 67, 90] - 977.2478354199978
[1, 67, 90, 97] - 1073.2366705199977
[1, 38, 67, 97] - 870.1254201100013
[1, 38, 67, 94] - 878.7841861800001
[1, 38, 67, 90] - 946.014083609999
[23, 36, 38, 67] - 998.8250332900001
[120, 2, 94, 97] - 876.904430010001
[23, 36, 38, 71] - 935.7100346200037
[36, 67, 88, 97] - 968.8667874999976
[38, 41, 67, 94] - 909.798510999998
[36, 67, 88, 90] - 1086.0340816900014
[38, 41, 67, 97] - 879.9929982399973
[36, 67, 88, 94] - 1071.1215122800002
[71, 88, 94, 97] - 886.6583240399974
[41, 57, 90, 97] - 1045.4375174799973
[23, 36, 38, 41] - 963.2001855599984
[41, 57, 90, 94] - 1085.3002728099998
[1, 31, 90, 97] - 990.535517019998
[1, 67, 94, 97] - 1008.2567982299968
[1, 31, 90, 94] - 1102.368940370001
[41, 57, 94, 97] - 1046.0228701300016
[36, 38, 67, 71] - 1106.0339359500013
[1, 104, 36, 41] - 884.8613384900007
[23, 36, 38, 90] - 1044.9366922300023
[23, 36, 38, 97] - 943.5453036300015
[23, 36, 38, 94] - 1038.6977038499986
[23, 36, 41, 90] - 967.4668928600012
[1, 38, 71, 90] - 867.4342086199989
[1, 104, 38, 41] - 847.9026902400001
[23, 36, 41, 94] - 961.8530171399977
[23, 36, 41, 97] - 865.3699341900007
[1, 104, 36, 67] - 893.6433187200007
[1, 104, 36, 90] - 950.1028247299995
[23, 36, 41, 67] - 922.0628225500024
[1, 104, 38, 67] - 871.1337489900008
[1, 104, 36, 94] - 940.1500709000001
[23, 36, 41, 71] - 862.2758519600012
[1, 104, 38, 90] - 873.8664642500005
[38, 41, 71, 90] - 915.1397472000003
[38, 41, 71, 94] - 846.2486198199986
[1, 31, 94, 97] - 935.1614113200011
[31, 90, 94, 97] - 950.5086755600022
[1, 79, 90, 94] - 962.9710667499984
[1, 104, 38, 97] - 853.045299899999
[36, 79, 88, 97] - 1065.3886434600029
[1, 104, 41, 67] - 891.6688977000006
[1, 104, 41, 94] - 871.1895653299993
[1, 104, 41, 90] - 941.0172337600012
[2, 24, 36, 38] - 1004.1272380900016
[2, 24, 36, 94] - 1038.5162944499978
[2, 24, 36, 97] - 1036.5931418799985
[31, 71, 90, 94] - 888.0325701400001
[2, 24, 38, 90] - 1012.755849769999
[36, 71, 79, 90] - 1021.4584246899997
[36, 71, 79, 94] - 1012.6827913799998
[2, 24, 36, 90] - 1044.72885885
[36, 71, 79, 97] - 903.3642445900008
[36, 38, 79, 90] - 1005.7300930600006
[41, 67, 90, 97] - 1040.5519819200001
[36, 38, 79, 97] - 937.1047832300001
[36, 38, 79, 94] - 997.6480410700017
[104, 23, 36, 38] - 984.3346119700003
[104, 23, 36, 41] - 903.9667419899984
[2, 24, 38, 94] - 1012.6511317099996
[2, 24, 38, 97] - 998.2579498999994
[104, 23, 36, 90] - 1019.3315735599999
[104, 23, 36, 67] - 969.6019043200012
[41, 67, 90, 94] - 1119.224883980001
[104, 23, 36, 71] - 912.3738423800008
[104, 23, 38, 41] - 898.3058225000016
[104, 23, 38, 90] - 979.4302260599978
[104, 23, 38, 94] - 974.2983667100009
[38, 67, 71, 97] - 1070.8360071099992
[104, 23, 36, 94] - 1013.0029733400005
[104, 23, 36, 97] - 976.334084939998
[104, 23, 38, 67] - 934.2667243100011
[41, 67, 94, 97] - 974.46624194
[104, 23, 38, 71] - 872.7194129699985
[38, 67, 71, 90] - 1165.4806904200013
[38, 67, 71, 94] - 1090.3845679200017
[41, 5, 90, 94] - 863.3354658100002
[104, 23, 38, 97] - 938.2569145499995
[104, 23, 41, 67] - 856.3252285100028
[128, 36, 90, 94] - 998.4754009700001
[41, 79, 88, 90] - 843.7931059000005
[120, 24, 90, 97] - 870.3638548599992
[41, 79, 88, 94] - 843.3984371600013
[104, 23, 41, 90] - 901.4109013800015
[104, 23, 41, 94] - 896.1856492300012
[104, 23, 41, 97] - 859.9659446500011
[41, 79, 90, 94] - 974.4513609100014
[79, 88, 90, 97] - 1060.5168569899988
[128, 36, 90, 97] - 989.5515934200001
[104, 36, 38, 41] - 907.1185866799992
[1, 71, 90, 94] - 1054.9701012799985
[128, 36, 94, 97] - 985.9379577199988
[104, 36, 38, 71] - 937.6865260199993
[1, 71, 90, 97] - 998.4746226899975
[38, 57, 90, 94] - 1111.7314139200028
[38, 57, 90, 97] - 1072.4721010699986
[104, 36, 38, 67] - 1002.1585790999985
[36, 71, 88, 94] - 999.1331177200019
[36, 71, 88, 97] - 899.2581045499993
[23, 41, 67, 94] - 912.2955653800008
[23, 41, 67, 90] - 918.0369779500011
[36, 71, 88, 90] - 1007.0851887999999
[104, 36, 38, 90] - 1053.62424703
[104, 36, 38, 94] - 1043.77113323
[104, 36, 38, 97] - 1008.0198061899989
[36, 38, 88, 90] - 992.2030862800016
[36, 38, 88, 97] - 931.0824677299986
[36, 38, 88, 94] - 984.6862155699987
[1, 38, 90, 97] - 866.6881620400001
[1, 71, 94, 97] - 935.5007261799994
[1, 38, 90, 94] - 882.5543472300011
[100, 56, 90, 97] - 871.2007304799997
[104, 36, 41, 71] - 844.4660152099996
[79, 88, 94, 97] - 1057.043657090002
[100, 56, 90, 94] - 868.0882703899991
[104, 36, 41, 67] - 904.8446715900023
[23, 41, 71, 90] - 857.7109839900006
[23, 41, 71, 94] - 851.4482047099989
[104, 36, 41, 90] - 1003.4492984800007
[104, 36, 41, 94] - 993.8866960300031
[104, 36, 41, 97] - 865.9974957699987
[38, 57, 94, 97] - 1074.3572775199998
[23, 36, 67, 71] - 947.8162052300021
[100, 56, 94, 97] - 874.4057720300007
[100, 36, 56, 94] - 869.282625409999
[100, 36, 56, 90] - 866.3062008900002
[67, 79, 88, 94] - 870.0945624100003
[67, 79, 88, 90] - 882.8029884200029
[100, 36, 56, 97] - 873.7429713799995
[23, 36, 67, 94] - 1026.046940290001
[23, 36, 67, 90] - 1033.569367380003
[23, 36, 67, 97] - 929.3847950300012
[100, 24, 36, 56] - 874.9647494499991
[1, 104, 67, 71] - 864.5358928200002
[23, 36, 71, 90] - 974.1310522699999
[23, 38, 41, 90] - 957.4775648700007
[23, 36, 71, 94] - 966.8993971300016
[23, 38, 41, 94] - 952.7646479199985
[100, 24, 36, 97] - 911.2820469800002
[1, 104, 67, 97] - 888.0378192999985
[100, 24, 36, 94] - 905.7635884700011
[1, 104, 67, 94] - 880.66672338
[23, 36, 71, 97] - 873.0770331800021
[23, 38, 41, 97] - 857.91164795
[100, 24, 36, 90] - 902.8910465699989
[1, 104, 67, 90] - 949.9731671499978
[67, 79, 90, 97] - 975.6698646999994
[67, 79, 90, 94] - 1083.6398794799968
[23, 38, 41, 67] - 914.6334410300014
[23, 38, 41, 71] - 853.0047373499988
[11, 36, 38, 90] - 1015.7985595300016
[11, 36, 38, 97] - 959.3243899900015
[11, 36, 38, 94] - 1013.0201257500001
[24, 36, 38, 94] - 1047.3488601300005
[24, 36, 38, 90] - 1050.4627143900004
[67, 79, 94, 97] - 968.3074446699977
[24, 36, 38, 97] - 1038.3206027399988
[41, 71, 90, 94] - 1053.0373245899993
[41, 71, 90, 97] - 980.33951722
[1, 104, 71, 90] - 889.7492244399988
[38, 5, 90, 94] - 950.0597441399997
[38, 5, 90, 97] - 923.7208265699998
[128, 90, 94, 97] - 983.1853391600008
[23, 67, 71, 90] - 943.42576609
[23, 67, 71, 97] - 844.3930845899982
[23, 67, 71, 94] - 935.7104993099991
[41, 71, 94, 97] - 915.0257829500009
[104, 41, 67, 71] - 861.5739543500011
[55, 90, 94, 97] - 848.76415311
[104, 41, 67, 90] - 966.109640829999
[104, 41, 67, 94] - 895.4694677500003
[104, 41, 67, 97] - 881.4309402300003
[38, 5, 94, 97] - 910.6962114399996
[104, 23, 67, 90] - 966.5421649199991
[104, 23, 67, 71] - 882.930630870001
[38, 79, 90, 94] - 992.0301750399979
[104, 23, 67, 94] - 959.6497432799986
[104, 23, 67, 97] - 923.1824510999992
[38, 79, 90, 97] - 932.7075190299995
[38, 79, 94, 97] - 926.8239749999981
[23, 41, 90, 94] - 956.2264474500005
[23, 41, 90, 97] - 860.6031050999992
[104, 41, 71, 90] - 905.3620212300016
[128, 38, 90, 94] - 935.2892692400005
[104, 23, 71, 90] - 908.88073404
[104, 23, 71, 94] - 902.1950474499973
[36, 6, 90, 94] - 1018.2698420999996
[36, 6, 90, 97] - 989.5579339299984
[24, 56, 90, 97] - 877.0390646400001
[104, 36, 67, 71] - 1003.2102448100005
[24, 56, 90, 94] - 874.24177479
[104, 23, 71, 97] - 867.0939305300004
[36, 6, 94, 97] - 985.4669419700014
[128, 38, 90, 97] - 917.512763689999
[1, 88, 90, 94] - 941.257595490003
[104, 36, 67, 97] - 1027.6883321700018
[23, 41, 94, 97] - 857.6531731800022
[104, 36, 67, 90] - 1116.197871279999
[104, 36, 67, 94] - 1101.0151152900014
[128, 38, 94, 97] - 916.5717416899982
[100, 24, 56, 90] - 872.6337552400003
[100, 24, 56, 97] - 879.4656869000008
[100, 24, 56, 94] - 876.8157861100016
[23, 36, 90, 94] - 1074.8677016700046
[24, 36, 56, 90] - 871.3697586299998
[24, 36, 56, 97] - 878.8029080399983
[23, 36, 90, 97] - 978.9082856699994
[6, 90, 94, 97] - 986.5601355400023
[24, 36, 56, 94] - 875.2397483100015
[104, 38, 41, 71] - 858.1079238599991
[24, 56, 94, 97] - 880.9347262999984
[104, 38, 41, 67] - 919.1961754400004
[104, 36, 71, 90] - 1052.4148182500003
[104, 38, 41, 90] - 965.7561931100013
[104, 36, 71, 94] - 1038.7123992899985
[104, 38, 41, 94] - 897.8480255800013
[104, 36, 71, 97] - 965.5959645399994
[104, 38, 41, 97] - 923.6099528499972
[36, 55, 90, 97] - 858.9441379400017
[36, 55, 90, 94] - 1052.393886120001
[23, 38, 67, 71] - 908.1428541900017
[36, 55, 94, 97] - 849.3867741400015
[1, 104, 90, 97] - 887.3032276499994
[1, 104, 90, 94] - 934.3612817999989
[23, 36, 94, 97] - 974.5305536800009
[1, 23, 36, 41] - 850.4296870999999
[1, 23, 36, 38] - 844.8960173600015
[36, 56, 67, 90] - 1056.8278104099998
[36, 56, 67, 94] - 1054.7194738000005
[36, 56, 67, 97] - 1054.6455295700002
[1, 23, 36, 67] - 877.7034882900014
[23, 38, 67, 90] - 993.2555485199985
[23, 38, 67, 97] - 892.6331860199998
[23, 67, 90, 94] - 1019.9793472900004
[23, 38, 67, 94] - 986.4771623299968
[23, 67, 90, 97] - 924.7741117400006
[104, 67, 71, 90] - 1063.70003242
[104, 67, 71, 97] - 1003.5824096400014
[104, 67, 71, 94] - 988.1808666800017
[31, 36, 41, 71] - 856.1489047299998
[1, 23, 36, 94] - 874.602421419999
[1, 23, 36, 90] - 879.3851482700005
[23, 67, 94, 97] - 919.976971690001
[31, 36, 41, 97] - 878.9031675199996
[31, 36, 41, 94] - 1065.787254320001
[31, 36, 41, 90] - 1066.8229953800005
[56, 67, 90, 97] - 1054.6907462699992
[31, 36, 41, 56] - 873.8658196299979
[31, 36, 41, 67] - 856.7619645400011
[56, 67, 90, 94] - 1056.271013489998
[23, 38, 71, 94] - 922.7988788699989
[23, 38, 71, 90] - 929.5996813800019
[100, 36, 90, 97] - 902.0231420300008
[100, 36, 90, 94] - 954.1541164399994
[41, 88, 90, 94] - 973.4936883300005
[56, 67, 94, 97] - 1053.133745949999
[1, 23, 41, 67] - 843.3435861399985
[1, 23, 41, 90] - 842.0469597999999
[2, 24, 90, 94] - 1050.1401174399996
[2, 24, 90, 97] - 1039.0354521700003
[36, 56, 71, 90] - 1063.040339640001
[36, 56, 71, 94] - 1062.9109776500006
[1, 36, 38, 41] - 856.0945977800001
[100, 36, 94, 97] - 903.832399010001
[36, 56, 71, 97] - 1063.29246469
[104, 41, 90, 94] - 991.3302972099985
[104, 41, 90, 97] - 925.3105520900008
[1, 36, 38, 67] - 894.9074270299986
[1, 36, 38, 90] - 900.0398381300026
[56, 79, 90, 94] - 896.401664960002
[120, 2, 36, 38] - 876.1543167699997
[120, 36, 38, 56] - 860.3819374299998
[56, 79, 90, 97] - 894.0664994500007
[1, 36, 38, 94] - 892.5628247000012
[56, 79, 94, 97] - 901.529453340001
[31, 41, 56, 90] - 867.9607105699995
[31, 41, 56, 97] - 871.2670028199997
[31, 41, 56, 94] - 872.6589281299994
[104, 23, 90, 94] - 1007.650539229999
[104, 23, 90, 97] - 972.0955778200005
[1, 36, 41, 56] - 868.0436114000001
[104, 41, 94, 97] - 857.3599002700003
[2, 24, 94, 97] - 1034.3810195800002
[120, 2, 36, 90] - 897.8734501399999
[1, 36, 41, 79] - 862.4327614999993
[120, 2, 36, 94] - 895.7215978899985
[120, 2, 36, 97] - 876.3601800300005
[1, 36, 41, 71] - 998.1013214200002
[1, 36, 41, 67] - 1057.864935470002
[1, 36, 41, 88] - 872.2662001899982
[120, 2, 38, 90] - 875.2926750800003
[120, 2, 38, 94] - 875.7478693600005
[120, 2, 38, 97] - 855.5670919899997
[1, 36, 41, 97] - 1095.3840251000017
[104, 23, 94, 97] - 966.1645270399998
[1, 31, 36, 41] - 1044.4505849899997
[36, 56, 79, 97] - 900.4933991000017
[1, 31, 36, 56] - 866.3031371599985
[36, 56, 79, 90] - 894.0720135200012
[36, 56, 79, 94] - 901.5781875700013
[1, 31, 36, 71] - 870.7985015499992
[31, 56, 90, 97] - 864.24251898
[31, 56, 90, 94] - 867.5061300200001
[1, 31, 36, 67] - 882.5285564000005
[1, 31, 36, 94] - 1107.4417347799993
[1, 31, 36, 90] - 1110.2643383999998
[104, 36, 90, 94] - 1203.0757514900013
[104, 36, 90, 97] - 1077.3405945600007
[31, 56, 94, 97] - 868.9732121900013
[1, 31, 36, 97] - 938.6298700200018
[23, 90, 94, 97] - 968.082559569999
[36, 41, 5, 94] - 862.173569609999
[36, 41, 5, 90] - 863.3420223200008
[31, 36, 56, 97] - 870.4771702100004
[31, 36, 56, 94] - 873.3809231399995
[31, 36, 56, 90] - 867.5648270600003
[1, 31, 41, 67] - 888.8636811199997
[104, 36, 94, 97] - 1065.8674305299994
[67, 88, 90, 97] - 969.6050510500028
[1, 31, 41, 56] - 865.3292799800004
[67, 88, 90, 94] - 1072.5444179099968
[1, 31, 41, 71] - 886.0709742400011
[31, 41, 67, 94] - 850.2615073799986
[1, 31, 41, 97] - 930.846334040001
[31, 41, 67, 90] - 915.0942759700025
[1, 31, 41, 94] - 1037.5138254299993
[1, 31, 41, 90] - 1097.5639418200008
[1, 41, 56, 97] - 865.205870450001
[104, 38, 67, 71] - 976.0323502000003
[67, 88, 94, 97] - 957.5226205500003
[1, 41, 56, 94] - 864.3810242300004
[1, 41, 56, 90] - 861.2133493700007
[71, 79, 90, 94] - 1012.2872448299992
[71, 79, 90, 97] - 903.78080569
[104, 67, 90, 94] - 1099.2888875100016
[104, 38, 67, 94] - 988.5700617499999
[104, 38, 67, 97] - 1021.7847496800007
[104, 67, 90, 97] - 1086.6748515799995
[104, 38, 67, 90] - 1059.5979499399998
[36, 41, 56, 97] - 963.2902104500023
[36, 41, 56, 94] - 964.1581421899995
[36, 41, 56, 90] - 959.7440454300013
[36, 56, 88, 90] - 899.7017240399982
[36, 56, 88, 94] - 906.1478579499993
[36, 56, 88, 97] - 909.3396337600011
[1, 56, 90, 94] - 892.0115243399991
[23, 71, 90, 97] - 868.3139682199992
[24, 41, 90, 94] - 843.170883220002
[23, 71, 90, 94] - 960.2351943999962
[1, 56, 90, 97] - 891.0096572900017
[120, 56, 90, 94] - 891.0103328500018
[104, 67, 94, 97] - 1014.1697814099991
[120, 56, 90, 97] - 894.8605599499991
[23, 38, 90, 94] - 1030.6558759099992
[23, 71, 94, 97] - 863.722442130001
[23, 38, 90, 97] - 937.5508067600011
[31, 41, 71, 90] - 908.7204315300011
[100, 90, 94, 97] - 903.1521762600017
[56, 71, 90, 94] - 1057.045221439999
[56, 71, 90, 97] - 1057.9835213799997
[36, 41, 57, 97] - 1046.786711770002
[36, 41, 57, 94] - 1085.704796749999
[36, 41, 57, 90] - 1087.7933002100012
[71, 79, 94, 97] - 898.3871571100002
[1, 56, 94, 97] - 895.2540425500002
[56, 71, 94, 97] - 1057.9755603499993
[104, 38, 71, 90] - 995.2416743899998
[104, 38, 71, 94] - 923.4646234600004
[104, 38, 71, 97] - 958.9823354799993
[120, 56, 94, 97] - 894.4916710199993
[31, 41, 71, 94] - 847.1141722299978
[1, 36, 56, 94] - 899.3598579800022
[1, 36, 56, 90] - 894.3772608600009
[100, 24, 90, 94] - 905.9193603299992
[11, 36, 90, 94] - 1024.2185584800002
[31, 36, 67, 94] - 903.371105169999
[11, 36, 90, 97] - 970.0751361199981
[1, 36, 56, 97] - 898.8180932500009
[100, 24, 90, 97] - 910.2958453400025
[1, 41, 67, 71] - 952.7529474000013
[23, 38, 94, 97] - 933.7165312899989
[38, 88, 90, 94] - 973.5391721200008
[120, 36, 56, 94] - 895.5577891600001
[38, 88, 90, 97] - 920.5370898600011
[1, 41, 67, 97] - 990.6095056200012
[120, 36, 56, 97] - 899.9405842900003
[1, 41, 67, 94] - 1045.7041250599998
[1, 41, 67, 90] - 1114.0281725200034
[31, 36, 67, 90] - 910.7020054100007
[120, 36, 56, 90] - 897.17976652
[38, 55, 90, 97] - 855.61001728
[38, 88, 94, 97] - 912.8981056799988
[38, 55, 90, 94] - 908.414730700002
[100, 24, 94, 97] - 912.5995996600008
[11, 36, 94, 97] - 967.2042580899993
[1, 23, 67, 94] - 864.2725563300007
[1, 23, 67, 90] - 869.2872980099987
[24, 63, 90] - 968.1368589999995
[24, 63, 94] - 886.7193180000022
[24, 63, 97] - 850.0899949999996
[31, 79, 90] - 991.3483570000012
[38, 57, 67] - 870.533524000001
[31, 79, 94] - 991.4248410000009
[38, 57, 71] - 868.1909479999997
[104, 23, 56] - 891.1678009999993
[104, 23, 57] - 936.8083840000008
[108, 90, 94] - 868.2811780000002
[108, 90, 97] - 887.678472
[128, 71, 90] - 977.9629389999991
[128, 71, 94] - 969.2215950000008
[128, 71, 97] - 980.1543780000004
[70, 90, 94] - 970.7086650000014
[104, 23, 79] - 858.7442599999985
[70, 90, 97] - 906.4724000000022
[24, 66, 90] - 1014.9006869999995
[104, 23, 88] - 857.7139789999986
[24, 66, 94] - 1015.999195
[24, 66, 97] - 933.1896860000003
[38, 6, 90] - 1132.4772119999975
[38, 6, 94] - 1104.9935219999963
[38, 6, 97] - 1082.726194
[24, 67, 90] - 888.177999000001
[36, 9, 90] - 1038.763818
[120, 57, 90] - 847.976331
[120, 57, 94] - 849.9953039999999
[36, 9, 94] - 1032.4849980000026
[36, 9, 97] - 979.7091979999988
[1, 79, 88] - 1081.4576290000005
[108, 94, 97] - 869.6409159999998
[1, 79, 97] - 1100.144489000001
[12, 88, 90] - 845.1657299999997
[70, 94, 97] - 913.5938429999998
[11, 36, 41] - 915.1126390000012
[38, 63, 90] - 916.6400690000006
[11, 36, 67] - 895.3801720000006
[11, 38, 41] - 918.3289999999996
[24, 70, 90] - 972.0252840000006
[24, 70, 94] - 975.7992460000003
[11, 38, 67] - 877.5779509999991
[24, 70, 97] - 913.439275000001
[12, 90, 94] - 1052.5884269999997
[12, 90, 97] - 1005.6490040000007
[24, 71, 90] - 854.921467000001
[5, 88, 90] - 916.7277380000002
[5, 88, 94] - 912.8063220000001
[5, 88, 97] - 851.0711870000006
[38, 66, 90] - 949.6677830000009
[38, 66, 94] - 953.6015669999997
[38, 66, 97] - 931.9477349999986
[38, 67, 79] - 1073.5606440000001
[104, 31, 36] - 949.1586680000021
[104, 31, 38] - 891.3131409999977
[104, 31, 41] - 986.0827399999984
[38, 67, 88] - 1067.3936959999996
[31, 88, 90] - 949.5496320000005
[31, 88, 94] - 949.7385670000006
[104, 31, 67] - 955.4953029999997
[104, 31, 71] - 957.2942969999989
[12, 94, 97] - 918.6644269999991
[100, 24, 79] - 846.191749999999
[11, 41, 90] - 918.178183000002
[11, 41, 94] - 913.9617199999996
[104, 31, 90] - 1026.364092000001
[104, 31, 94] - 937.641529999999
[104, 31, 97] - 849.4051829999986
[120, 67, 90] - 1018.877270000002
[120, 67, 94] - 969.9581890000004
[120, 67, 97] - 979.8261430000032
[38, 70, 90] - 900.2890949999986
[38, 70, 94] - 908.7463029999982
[38, 70, 97] - 906.2471150000017
[104, 36, 56] - 894.8292820000003
[104, 36, 57] - 1027.7347650000015
[38, 71, 79] - 977.5870650000002
[16, 90, 94] - 875.2504530000003
[1, 88, 97] - 1083.1346769999993
[38, 71, 88] - 967.3656979999998
[104, 36, 79] - 1106.5733539999985
[104, 38, 56] - 846.1745519999998
[104, 38, 57] - 934.9492499999993
[104, 36, 88] - 1109.577902000002
[104, 38, 79] - 896.6499679999985
[24, 79, 88] - 891.1365699999967
[24, 79, 90] - 1107.4637390000012
[104, 38, 88] - 892.1648639999999
[114, 24, 36] - 916.3813840000012
[24, 79, 94] - 1110.2138539999987
[24, 79, 97] - 991.3907110000026
[114, 24, 63] - 866.9414470000011
[120, 71, 90] - 1008.561882999999
[120, 71, 94] - 958.5451269999984
[120, 71, 97] - 969.3859730000004
[63, 90, 94] - 967.1278629999989
[114, 24, 90] - 929.0598090000002
[114, 24, 94] - 922.196559
[104, 41, 56] - 852.0341490000005
[104, 41, 57] - 900.7237239999993
[63, 90, 97] - 846.1072729999995
[71, 79, 88] - 1069.5039289999997
[38, 79, 88] - 958.884715999999
[100, 36, 79] - 880.0067989999984
[24, 88, 90] - 1066.419795
[24, 88, 94] - 1059.9457779999982
[24, 88, 97] - 948.3234329999999
[42, 90, 94] - 1062.9245469999987
[42, 90, 97] - 1078.7582930000008
[114, 36, 38] - 845.7420150000002
[114, 36, 63] - 949.7319909999981
[114, 36, 90] - 1014.3242280000019
[114, 36, 94] - 1001.3705970000008
[42, 94, 97] - 1068.353420000001
[114, 38, 90] - 854.9475960000005
[114, 38, 94] - 850.5290319999987
[104, 56, 57] - 885.7278350000009
[104, 56, 90] - 890.362756999998
[104, 56, 94] - 888.8188869999981
[104, 57, 67] - 957.7696899999987
[104, 56, 97] - 887.6507919999995
[104, 57, 71] - 959.3771919999999
[104, 57, 90] - 1027.2831049999993
[104, 57, 94] - 1021.0089239999999
[104, 57, 97] - 974.873051999999
[11, 67, 90] - 888.2341719999998
[11, 67, 94] - 881.7441299999978
[1, 104, 23] - 1074.4236400000013
[1, 104, 31] - 981.3271029999984
[122, 36, 41] - 941.0142680000024
[122, 36, 90] - 1001.7669089999988
[122, 36, 94] - 1006.7868850000009
[104, 67, 79] - 979.1564969999995
[122, 36, 97] - 868.2452100000014
[104, 67, 88] - 977.0407410000004
[107, 36, 90] - 852.0473960000012
[107, 36, 94] - 846.7685329999988
[107, 36, 97] - 846.4264139999992
[122, 41, 90] - 942.173279999998
[122, 41, 94] - 946.357351999999
[104, 71, 79] - 898.4897989999993
[104, 71, 88] - 895.2677939999988
[29, 90, 94] - 914.5496849999985
[29, 90, 97] - 911.1099220000015
[13, 90, 94] - 882.1976930000022
[13, 90, 97] - 917.3820049999998
[29, 94, 97] - 912.9969319999994
[114, 63, 90] - 950.2035760000006
[114, 63, 94] - 943.238600000001
[13, 94, 97] - 846.0786129999991
[104, 79, 88] - 944.0293359999982
[104, 79, 90] - 1112.4146030000013
[104, 79, 94] - 1095.1366819999996
[104, 79, 97] - 930.4398670000003
[56, 57, 90] - 887.996074
[56, 57, 94] - 890.902047999999
[56, 57, 97] - 887.184062999999
[56, 6, 90] - 906.6193539999989
[56, 6, 94] - 906.5886689999992
[56, 6, 97] - 911.6438420000002
[100, 79, 90] - 870.7099269999972
[100, 79, 94] - 880.4918170000004
[104, 88, 90] - 1105.406430000001
[104, 88, 94] - 1091.1696310000013
[23, 31, 36] - 859.5030349999995
[104, 88, 97] - 932.8491009999997
[23, 31, 38] - 844.8609280000002
[23, 31, 41] - 859.7747239999989
[23, 31, 67] - 855.1686849999991
[56, 67, 71] - 1091.8486229999996
[2, 24, 66] - 955.0646620000014
[23, 31, 71] - 854.7289930000012
[2, 24, 70] - 916.8229579999992
[23, 31, 90] - 855.6969380000002
[23, 31, 94] - 850.8439940000001
[23, 36, 56] - 896.1197590000013
[23, 36, 57] - 941.9779199999989
[2, 29, 38] - 912.4922970000001
[2, 29, 36] - 910.0135129999991
[23, 36, 79] - 906.6537290000008
[23, 38, 57] - 890.554086999998
[23, 38, 56] - 847.7697159999994
[23, 36, 88] - 906.0136650000006
[23, 38, 79] - 860.5148690000003
[23, 38, 88] - 851.1842140000009
[2, 29, 90] - 915.4300769999993
[2, 29, 94] - 916.6626139999996
[2, 29, 97] - 912.2412260000012
[23, 41, 56] - 855.6141509999991
[23, 41, 57] - 900.3967900000006
[108, 36, 90] - 868.616916999999
[108, 36, 94] - 868.4102339999992
[108, 36, 97] - 869.4208259999996
[1, 23, 71] - 1078.3901110000002
[36, 38, 42] - 948.1802129999993
[1, 23, 97] - 1054.585612999999
[2, 36, 42] - 939.9732469999974
[36, 38, 6] - 1109.6091109999986
[36, 38, 66] - 940.7754809999999
[36, 38, 70] - 906.3685169999992
[2, 36, 56] - 856.7036039999978
[2, 36, 66] - 942.4815079999992
[2, 36, 70] - 913.6995080000015
[2, 38, 42] - 883.6583829999997
[2, 38, 56] - 849.162968000001
[2, 38, 66] - 953.600399999998
[2, 38, 70] - 910.0813199999999
[56, 79, 88] - 862.6869249999999
[12, 36, 79] - 843.7730040000009
[36, 41, 55] - 1101.0785140000003
[36, 41, 6] - 1009.9126009999998
[12, 36, 88] - 843.2137029999999
[12, 36, 90] - 1056.7171210000024
[12, 36, 94] - 1051.0201779999968
[12, 36, 97] - 921.5791889999999
[36, 41, 9] - 908.2895380000008
[36, 42, 90] - 1074.9502439999985
[41, 5, 97] - 1077.9714050000018
[36, 42, 94] - 1063.5369020000016
[36, 42, 97] - 1080.035185999999
[114, 90, 94] - 1014.0244950000009
[31, 36, 38] - 930.7692880000008
[2, 42, 90] - 939.5816080000001
[2, 42, 94] - 929.1230950000004
[2, 42, 97] - 943.9560960000001
[1, 31, 38] - 955.7666019999998
[31, 38, 41] - 941.5290399999981
[31, 36, 79] - 988.3192779999981
[31, 36, 88] - 954.3737259999986
[31, 38, 67] - 986.9596950000013
[1, 31, 79] - 946.3039580000001
[31, 38, 71] - 964.5580659999991
[1, 31, 88] - 921.4986899999998
[31, 38, 90] - 1003.8709359999984
[31, 38, 94] - 919.6949179999981
[31, 38, 97] - 874.697813
[16, 36, 90] - 877.3412110000019
[16, 36, 94] - 882.8505930000016
[41, 56, 57] - 851.9077089999992
[41, 55, 90] - 1191.3311919999974
[41, 55, 94] - 1101.7985770000005
[41, 55, 97] - 909.649212999998
[41, 56, 67] - 1008.822754
[41, 56, 71] - 1010.0007649999967
[1, 36, 5] - 877.5232170000012
[31, 41, 79] - 883.5314240000001
[36, 5, 56] - 912.5297829999993
[41, 57, 67] - 841.9732020000006
[31, 41, 88] - 887.1643640000007
[36, 5, 67] - 1023.3892160000012
[23, 56, 57] - 890.0546949999999
[36, 5, 71] - 970.3916530000015
[36, 5, 79] - 926.8333040000009
[36, 5, 88] - 917.1581049999991
[23, 56, 90] - 891.4385790000006
[23, 56, 94] - 892.7497699999989
[23, 56, 97] - 888.5141019999998
[23, 57, 67] - 878.2726649999988
[23, 57, 71] - 882.8457970000011
[23, 57, 90] - 940.3812129999989
[23, 57, 94] - 940.467319
[23, 57, 97] - 891.3510529999996
[120, 2, 24] - 1055.0017619999978
[41, 6, 90] - 1034.8518419999987
[41, 6, 94] - 1014.0966609999999
[41, 6, 97] - 983.5451890000015
[128, 36, 41] - 934.403504000002
[128, 36, 56] - 1020.2920869999981
[128, 36, 57] - 1041.1897049999982
[128, 36, 67] - 1002.4101089999986
[128, 38, 41] - 937.681535
[128, 36, 71] - 978.1773360000001
[128, 38, 56] - 967.765751000001
[128, 38, 57] - 949.8012449999991
[128, 38, 67] - 909.3576069999989
[128, 38, 71] - 887.2974450000006
[36, 56, 57] - 892.6490080000011
[36, 56, 6] - 903.7301030000028
[57, 67, 71] - 939.3559380000002
[122, 90, 94] - 1006.2411369999991
[122, 90, 97] - 864.5050349999999
[36, 57, 67] - 979.1106389999999
[120, 24, 36] - 1111.1592379999981
[120, 24, 38] - 1094.0510739999993
[57, 67, 90] - 978.060164
[36, 57, 71] - 978.4718350000019
[120, 24, 42] - 843.6411359999998
[57, 67, 94] - 973.9406189999995
[57, 67, 97] - 932.966319
[128, 41, 57] - 915.9975490000011
[41, 67, 79] - 959.1131739999988
[2, 56, 90] - 857.8177310000013
[2, 56, 94] - 854.8871290000011
[2, 56, 97] - 858.2451729999992
[41, 67, 88] - 964.9119539999998
[128, 41, 90] - 938.4321569999998
[128, 41, 94] - 938.3105029999999
[128, 41, 97] - 913.5875609999999
[120, 24, 94] - 1116.427916
[24, 36, 42] - 923.7901520000013
[24, 36, 41] - 1108.118379000001
[24, 36, 5] - 901.8000590000008
[122, 94, 97] - 875.0971900000019
[24, 36, 55] - 868.5217390000001
[24, 36, 63] - 888.9175979999998
[24, 36, 66] - 1003.6409279999991
[24, 36, 70] - 974.502178
[24, 36, 79] - 1109.9851400000002
[24, 36, 88] - 1064.5491529999995
[24, 38, 66] - 952.0758599999997
[24, 38, 70] - 908.1044330000013
[57, 71, 90] - 977.2681739999995
[57, 71, 94] - 973.005110999999
[57, 71, 97] - 933.7521110000005
[1, 5, 90] - 889.5231899999993
[1, 5, 94] - 867.3544189999983
[36, 63, 90] - 974.3085990000004
[36, 63, 94] - 965.1412979999984
[41, 71, 79] - 882.8269189999987
[5, 56, 90] - 903.3805700000016
[5, 56, 94] - 909.4348209999996
[5, 56, 97] - 901.3876919999982
[41, 71, 88] - 880.039796000001
[31, 56, 67] - 940.4072720000001
[31, 56, 71] - 943.2728539999991
[24, 41, 97] - 1059.9015260000015
[36, 66, 90] - 1002.558093000001
[36, 66, 94] - 1003.3349180000001
[36, 66, 97] - 931.7591690000004
[24, 42, 90] - 925.0941950000001
[24, 42, 94] - 917.4316789999996
[24, 42, 97] - 930.0762749999988
[66, 90, 94] - 1014.122607000001
[66, 90, 97] - 930.4784490000001
[2, 66, 90] - 951.1744789999991
[2, 66, 94] - 954.7965780000012
[2, 66, 97] - 932.7870520000005
[1, 56, 67] - 973.6862750000004
[1, 56, 71] - 980.6479820000006
[120, 36, 42] - 935.2554950000007
[100, 114, 36] - 849.7031419999994
[120, 36, 57] - 849.843867999999
[120, 36, 67] - 977.7588889999992
[66, 94, 97] - 934.3634929999984
[120, 36, 71] - 966.3977190000022
[38, 41, 5] - 918.9774830000003
[38, 41, 56] - 850.4341610000012
[38, 41, 55] - 1069.995328999998
[36, 70, 90] - 969.7752039999998
[36, 70, 94] - 973.071171
[120, 38, 67] - 933.4173109999999
[36, 70, 97] - 910.3911759999986
[120, 38, 71] - 922.6919310000003
[100, 114, 90] - 846.1774730000006
[41, 79, 97] - 1083.4732990000002
[2, 70, 90] - 909.1616999999999
[2, 70, 94] - 915.2684970000005
[2, 70, 97] - 913.6690720000004
[5, 67, 71] - 841.9277209999987
[38, 42, 90] - 945.4614229999995
[38, 42, 94] - 939.0144799999987
[38, 42, 97] - 951.1867670000006
[23, 79, 90] - 906.5442829999973
[23, 79, 94] - 898.7127459999989
[5, 67, 90] - 1042.9616870000018
[5, 67, 94] - 1016.6809450000005
[5, 67, 97] - 979.4423339999997
[128, 56, 67] - 893.8222830000002
[128, 56, 71] - 894.4187059999991
[24, 5, 90] - 929.5524940000003
[24, 5, 94] - 910.9373290000003
[24, 5, 97] - 876.9748740000006
[128, 56, 90] - 1015.7754740000012
[128, 56, 94] - 1014.8048980000005
[128, 57, 67] - 857.4437300000014
[128, 56, 97] - 1017.5159579999992
[128, 57, 71] - 856.4438240000009
[31, 67, 97] - 1103.1845310000012
[128, 57, 90] - 1036.9658140000001
[128, 57, 94] - 1034.975994
[128, 57, 97] - 1034.667408
[120, 42, 90] - 934.3864200000011
[120, 42, 94] - 933.5449889999988
[120, 42, 97] - 940.431445
[67, 71, 79] - 1084.9373310000021
[104, 128, 36] - 865.5607419999992
[67, 71, 88] - 1074.677740999999
[104, 128, 57] - 858.0565789999997
[104, 128, 67] - 856.5738639999988
[104, 128, 71] - 856.5301030000003
[104, 128, 90] - 862.8459820000007
[104, 128, 94] - 854.2998589999982
[5, 71, 90] - 985.2660750000027
[5, 71, 94] - 958.7499809999981
[104, 128, 97] - 858.3707569999983
[5, 71, 97] - 929.7987479999993
[1, 67, 79] - 986.6075650000012
[1, 67, 88] - 980.0913850000004
[31, 71, 97] - 1085.5167020000013
[24, 55, 90] - 962.6080220000026
[9, 90, 97] - 981.7410560000003
[9, 90, 94] - 1037.010787
[24, 55, 94] - 873.0509749999977
[41, 88, 97] - 1093.071579
[29, 36, 38] - 904.8105149999994
[12, 79, 94] - 842.8905750000006
[23, 88, 90] - 895.7781879999989
[23, 88, 94] - 892.0388399999993
[9, 94, 97] - 980.9286250000018
[41, 9, 90] - 911.4608649999992
[41, 9, 94] - 911.4341220000007
[41, 9, 97] - 854.8451339999993
[128, 67, 71] - 915.5470329999986
[29, 36, 90] - 909.7976710000013
[1, 71, 79] - 892.7207030000005
[29, 36, 94] - 909.5921679999991
[29, 36, 97] - 906.8708419999996
[1, 71, 88] - 876.6203620000006
[128, 67, 90] - 999.111669999999
[128, 67, 94] - 993.2674180000002
[128, 67, 97] - 1000.230324000002
[29, 38, 90] - 908.1528899999998
[29, 38, 94] - 911.2499490000029
[29, 38, 97] - 906.137737
[13, 36, 90] - 878.5067819999977
[13, 36, 94] - 886.3968340000002
[13, 36, 97] - 846.905947
[5, 79, 90] - 927.9039719999997
[5, 79, 94] - 927.0873470000002
[5, 79, 97] - 861.5309840000002
[38, 56, 57] - 844.0747109999999
[86, 90] - 1061.6692999999998
[86, 94] - 1061.8802000000007
[86, 97] - 1059.1154000000001
[1, 107] - 987.1186
[1, 108] - 1060.1856999999982
[1, 11] - 854.8453
[1, 122] - 930.4552000000003
[1, 128] - 1053.7022999999974
[1, 24] - 987.6636999999992
[1, 55] - 929.3760999999982
[1, 57] - 1085.7641999999976
[1, 6] - 962.9968999999992
[100, 120] - 1018.5265000000006
[100, 2] - 988.8491999999998
[1, 9] - 956.7689999999972
[100, 38] - 1081.4170999999994
[100, 42] - 1033.170999999998
[100, 45] - 963.0792999999985
[100, 63] - 1100.0261999999977
[100, 67] - 898.6327999999978
[100, 71] - 896.9702999999987
[100, 88] - 1116.0482999999983
[104, 108] - 893.3182
[104, 11] - 859.6557999999983
[104, 120] - 880.6397999999998
[104, 5] - 1093.6915999999997
[104, 55] - 1042.8304
[107, 41] - 977.0343000000003
[107, 67] - 980.7742999999997
[108, 41] - 995.602499999998
[107, 71] - 920.2283999999985
[11, 120] - 1013.287900000001
[108, 67] - 1040.7538999999963
[108, 71] - 991.2069999999994
[11, 2] - 987.5359999999995
[11, 23] - 900.5723999999994
[11, 24] - 937.7487999999979
[108, 88] - 842.5056999999989
[110, 2] - 893.1762
[11, 55] - 857.9791
[11, 56] - 979.5476999999986
[11, 57] - 910.2597000000012
[110, 29] - 887.977899999999
[110, 36] - 913.7811000000008
[110, 38] - 915.6294999999982
[110, 41] - 879.6183000000004
[11, 71] - 1043.4841000000004
[11, 79] - 846.241599999997
[110, 57] - 885.4230000000002
[110, 90] - 915.477999999999
[110, 94] - 917.8242999999981
[110, 97] - 910.6043999999989
[114, 120] - 1030.7036999999991
[114, 2] - 1027.9214999999995
[114, 42] - 1042.6290999999985
[114, 45] - 968.1396999999994
[114, 56] - 977.2417999999991
[114, 97] - 1042.9253999999983
[12, 24] - 1029.8374000000003
[12, 38] - 1086.1743999999978
[12, 41] - 869.2763999999991
[120, 128] - 1064.863099999998
[12, 56] - 964.6458999999984
[12, 67] - 993.864800000001
[120, 41] - 1032.3501999999983
[12, 71] - 998.0686999999992
[120, 45] - 962.1823999999991
[120, 5] - 961.9207999999996
[120, 6] - 923.7353999999992
[120, 63] - 1050.6809999999984
[120, 66] - 872.8116999999997
[121, 36] - 964.3778999999995
[121, 38] - 961.058399999999
[121, 41] - 923.3773000000007
[120, 79] - 1052.8833999999995
[122, 24] - 981.415499999999
[121, 57] - 864.188599999998
[120, 88] - 986.2923999999999
[121, 90] - 960.1264999999984
[121, 94] - 954.9236000000018
[121, 97] - 940.3031000000011
[122, 79] - 1104.6864000000014
[122, 88] - 1105.3202
[128, 23] - 1028.7084999999995
[128, 31] - 1023.3821999999999
[128, 5] - 887.0259000000001
[13, 38] - 1122.2595999999974
[13, 56] - 943.8743999999994
[13, 67] - 944.3092999999998
[13, 71] - 882.613
[16, 41] - 1117.1795999999986
[16, 97] - 1098.3591999999976
[2, 41] - 956.0552000000004
[2, 45] - 971.1836999999996
[2, 5] - 969.1484999999992
[2, 55] - 1076.316
[2, 57] - 1049.8882999999967
[2, 6] - 883.6352000000003
[2, 63] - 991.6453999999989
[2, 67] - 866.3328999999999
[2, 71] - 857.5118999999991
[2, 79] - 965.4679
[2, 88] - 942.3281999999992
[20, 90] - 850.2202999999995
[23, 5] - 916.172999999999
[24, 29] - 1048.2494999999985
[24, 31] - 1011.2386999999986
[24, 39] - 847.0004999999991
[24, 45] - 969.7597999999999
[24, 57] - 885.5000999999997
[24, 6] - 1075.3693999999975
[24, 9] - 873.395
[29, 41] - 883.1559999999997
[29, 57] - 890.3175999999995
[29, 66] - 893.4657999999987
[29, 70] - 892.4576999999998
[31, 5] - 958.7589999999994
[31, 57] - 1078.6970999999983
[31, 6] - 912.3967000000002
[31, 9] - 951.9285999999988
[36, 39] - 890.204700000001
[36, 45] - 968.1648999999991
[36, 50] - 882.6211999999982
[38, 45] - 957.7812000000002
[36, 77] - 1053.7269
[36, 86] - 1059.7047000000018
[38, 77] - 1044.1282000000003
[38, 86] - 1054.5923000000003
[38, 9] - 934.4422999999988
[39, 79] - 892.5987000000005
[39, 88] - 854.6797999999978
[39, 90] - 892.7047999999991
[39, 94] - 891.2456999999994
[42, 45] - 976.2890999999967
[42, 56] - 1036.9276999999965
[42, 63] - 1023.1795999999994
[42, 67] - 903.8820999999991
[42, 71] - 860.984199999999
[42, 79] - 931.849699999998
[42, 88] - 876.085
[45, 56] - 974.4846999999993
[45, 63] - 970.5340999999994
[45, 90] - 967.7839000000013
[45, 94] - 966.9538000000002
[45, 97] - 976.7661999999976
[5, 55] - 937.1985999999979
[5, 57] - 1100.2287999999994
[50, 90] - 880.1351999999986
[50, 94] - 875.5846999999989
[55, 57] - 947.5774000000004
[55, 66] - 854.8358999999992
[55, 67] - 1113.2125999999978
[55, 71] - 970.8445999999986
[55, 79] - 1070.606299999999
[55, 88] - 1005.3976999999996
[56, 63] - 979.0378999999988
[57, 6] - 1009.1017999999997
[57, 9] - 950.0843999999998
[6, 67] - 1114.2710000000013
[6, 71] - 1045.7262999999996
[6, 79] - 934.1346999999997
[6, 88] - 931.8438999999996
[66, 70] - 1017.5159999999975
[77, 90] - 1057.771900000001
[77, 94] - 1057.5520999999983
[77, 97] - 1061.0426999999981
[102] - 970.7400000000001
[119] - 1029.31
[125] - 857.2100000000002
[53] - 926.5999999999996
[60] - 1026.7599999999993
