Total itemsets found: 161
Elapsed time: 2033ms
[38, 90, 94, 97] - 1970.763911159999
[36, 38, 90, 94] - 2087.325300260006
[36, 38, 90, 97] - 1984.424003910004
[36, 38, 94, 97] - 1978.227574469999
[36, 41, 90, 94] - 1790.3161576499986
[36, 90, 94, 97] - 2394.9183804200043
[88, 94, 97] - 1747.555138
[24, 94, 97] - 1905.822042000006
[41, 94, 97] - 2116.7071350000006
[71, 90, 94] - 2048.617837000002
[71, 90, 97] - 1956.667785000002
[36, 79, 90] - 2007.2144469999942
[79, 90, 94] - 1994.3259769999966
[79, 90, 97] - 1788.6122340000031
[36, 79, 94] - 1998.786614
[36, 79, 97] - 1794.421053999999
[38, 41, 90] - 1926.6864570000005
[36, 71, 90] - 2072.9476169999994
[56, 94, 97] - 2055.5990059999986
[38, 41, 94] - 1840.5498200000004
[36, 71, 94] - 2055.6589230000013
[36, 71, 97] - 1879.3024180000007
[38, 41, 97] - 1766.8146869999996
[1, 90, 94] - 1807.1098570000015
[1, 36, 41] - 1691.2277959999965
[38, 67, 90] - 1864.1019920000017
[38, 67, 94] - 1767.0960039999977
[67, 90, 94] - 2155.7488329999987
[38, 67, 97] - 1733.7767730000005
[36, 88, 90] - 1969.297645000003
[67, 90, 97] - 2059.222769000005
[36, 56, 90] - 2052.075381999999
[36, 56, 94] - 2057.534898999998
[36, 88, 94] - 1958.8099609999986
[36, 88, 97] - 1765.3057780000045
[36, 56, 97] - 2059.9406559999984
[36, 41, 97] - 2118.582797000003
[1, 36, 90] - 1825.2473700000037
[1, 36, 94] - 1819.2557529999997
[36, 67, 71] - 1709.9716219999973
[71, 94, 97] - 1862.6950620000034
[79, 94, 97] - 1787.2302020000006
[36, 67, 90] - 2176.644529000001
[36, 67, 94] - 2153.705468999998
[36, 67, 97] - 1976.2132640000052
[24, 90, 94] - 2049.1422020000073
[88, 90, 94] - 1949.5050889999989
[24, 90, 97] - 1986.861733999995
[88, 90, 97] - 1753.9077690000008
[67, 94, 97] - 1963.3005690000039
[41, 90, 97] - 2196.2479919999996
[67, 71, 90] - 1790.886160999999
[56, 90, 94] - 2050.131835000006
[67, 71, 94] - 1688.0856069999957
[56, 90, 97] - 2049.9609120000086
[36, 38, 41] - 1841.2367769999928
[24, 36, 90] - 2038.359750999996
[24, 36, 94] - 2031.9322400000017
[24, 36, 97] - 1903.6123350000005
[38, 71, 90] - 1760.6786299999976
[36, 38, 67] - 1788.8660190000007
[1, 41, 90] - 1761.541651999999
[36, 38, 71] - 1684.5208259999958
[71, 79] - 1804.4338999999968
[79, 88] - 2137.303100000003
[23, 36] - 1913.1397000000081
[23, 38] - 1839.4163999999992
[23, 41] - 1703.8658999999973
[71, 88] - 1774.3728999999987
[1, 67] - 2126.499699999999
[1, 71] - 1993.5103999999972
[1, 79] - 1713.780500000001
[31, 36] - 2040.299300000002
[55, 90] - 1998.762100000006
[31, 41] - 2000.6155999999967
[55, 94] - 1869.3462000000027
[56, 67] - 1878.5452000000002
[23, 67] - 1819.1832999999997
[24, 38] - 1987.7279999999992
[11, 36] - 1836.7714000000044
[11, 38] - 1812.2171000000003
[56, 71] - 1881.6001999999953
[41, 56] - 1706.8267999999969
[23, 71] - 1714.711399999998
[41, 57] - 1929.112200000002
[100, 36] - 1712.8322999999998
[1, 97] - 2219.0196000000024
[41, 67] - 2105.8349999999987
[41, 71] - 1995.8651999999981
[31, 67] - 1717.9019000000012
[23, 90] - 1903.4081999999987
[41, 79] - 1729.4491999999975
[31, 71] - 1692.1875999999966
[23, 94] - 1891.9900999999986
[23, 97] - 1720.7832000000049
[41, 88] - 1731.2753999999982
[31, 90] - 2137.789800000002
[31, 94] - 2026.8804999999961
[31, 97] - 1802.1413999999993
[57, 90] - 2139.8752999999992
[11, 90] - 1834.7237000000014
[57, 94] - 2136.5036000000023
[11, 94] - 1828.2015000000004
[57, 97] - 2068.3252000000007
[5, 90] - 2154.2820999999994
[11, 97] - 1718.4724999999996
[67, 79] - 1933.7101999999973
[100, 90] - 1707.8825000000043
[5, 94] - 2124.2127999999975
[100, 94] - 1708.954299999997
[5, 97] - 2027.1925999999987
[67, 88] - 1915.3339000000008
[2, 24] - 1867.4431
[2, 36] - 2199.269399999998
[2, 38] - 2143.789300000006
[128, 36] - 1770.0696000000012
[6, 90] - 1851.1226999999956
[120, 36] - 2225.5757000000003
[120, 38] - 2138.8364999999903
[104, 23] - 1793.120100000006
[6, 94] - 1817.893399999999
[6, 97] - 1788.4250000000036
[36, 5] - 2122.856100000004
[104, 36] - 2138.686999999998
[104, 38] - 1960.3865000000028
[36, 55] - 1880.9828999999986
[104, 41] - 1872.1053000000036
[36, 57] - 2139.3957000000023
[36, 6] - 1818.9722000000052
[1, 104] - 1768.7513999999996
[2, 90] - 2218.1193000000026
[2, 94] - 2205.0294999999974
[38, 5] - 1706.0046999999968
[2, 97] - 2147.9261000000006
[104, 67] - 2069.0004000000013
[128, 90] - 1781.9108000000008
[38, 55] - 1728.7934000000034
[38, 56] - 2093.401599999996
[104, 71] - 1957.883799999998
[128, 94] - 1776.1608000000015
[38, 57] - 1977.695900000003
[128, 97] - 1749.2303000000009
[120, 90] - 2276.5381000000084
[120, 94] - 2221.7493
[120, 97] - 2230.0665999999987
[104, 90] - 2243.1887999999976
[38, 79] - 1775.6364999999996
[104, 94] - 2111.7735000000016
[104, 97] - 2000.3488000000063
[1, 31] - 2070.2981999999984
[38, 88] - 1745.5271999999993
[1, 38] - 1683.9302000000032
[114] - 1814.5100000000036
[12] - 2014.959999999999
[122] - 1793.1299999999976
[13] - 1723.6699999999998
[42] - 1906.1599999999992
[63] - 1866.1399999999987
[66] - 1795.7299999999998
[70] - 1728.6499999999983
[9] - 1847.3799999999972
