Total itemsets found: 46
Elapsed time: 907ms
[36, 38, 90] - 2793.612380000005
[36, 38, 94] - 2780.746411999998
[36, 38, 97] - 2643.492422999998
[90, 94, 97] - 3186.670297000008
[36, 94, 97] - 3194.0659110000115
[38, 94, 97] - 2627.245504999995
[36, 90, 94] - 3458.2278759999986
[38, 90, 94] - 2781.1045070000037
[38, 90, 97] - 2714.9447900000077
[36, 90, 97] - 3200.98536299999
[67, 97] - 2739.5185000000038
[38, 41] - 2568.961700000001
[88, 90] - 2611.9709000000025
[36, 71] - 2755.1641000000013
[56, 90] - 2730.5565000000056
[88, 94] - 2597.6910000000094
[56, 94] - 2737.835599999993
[56, 97] - 2740.02190000001
[36, 79] - 2674.7701999999995
[79, 90] - 2669.2618000000048
[79, 94] - 2661.4469000000045
[41, 90] - 3304.2728000000125
[36, 88] - 2623.697699999993
[71, 90] - 2856.4133000000033
[41, 94] - 3190.5209000000164
[71, 94] - 2727.1782999999937
[41, 97] - 2931.3382
[71, 97] - 2605.3537000000038
[24, 90] - 2842.8578999999945
[36, 41] - 3187.5783000000024
[24, 94] - 2730.587600000004
[24, 97] - 2654.982900000001
[24, 36] - 2716.2854999999927
[36, 56] - 2741.9165000000085
[67, 90] - 3001.0858000000076
[67, 94] - 2867.245300000005
[36, 67] - 2890.2400000000016
[2] - 2952.739999999996
[23] - 2532.6000000000013
[31] - 2854.470000000003
[1] - 3367.2700000000104
[5] - 2861.4200000000096
[104] - 2977.4599999999996
[55] - 2655.890000000002
[57] - 2847.739999999997
[120] - 3035.010000000004
