Total itemsets found: 295
Elapsed time: 36387ms
[10307, 10311, 10315] - 122.68977599999994
[10311, 12483, 12487] - 132.556612
[10311, 12487, 12703] - 134.4425999999999
[10295, 10299, 10307] - 122.11250200000002
[12487, 12703, 32213] - 135.938833
[10295, 10307, 10311] - 171.53591000000014
[10295, 10307, 10315] - 138.93894200000005
[10295, 10311, 10315] - 148.60919600000008
[10311, 12703, 32213] - 122.14246799999992
[33433, 33449, 33469] - 121.47722799999997
[10299, 10311] - 135.6048000000001
[12875, 12895] - 140.25130000000001
[12463, 12487] - 120.00749999999994
[12679, 12683] - 183.15230000000005
[12679, 12695] - 147.0536000000002
[12679, 12703] - 221.09189999999998
[10295, 12483] - 125.72180000000004
[10295, 12487] - 150.45280000000008
[12815, 12895] - 312.5478999999999
[12611, 12621] - 127.66440000000006
[12683, 12695] - 159.31810000000007
[12819, 12831] - 119.84099999999994
[12683, 12703] - 139.40210000000005
[10295, 12679] - 121.67649999999999
[12819, 12895] - 121.90960000000001
[12679, 12895] - 225.23350000000002
[10295, 12695] - 189.28439999999998
[10295, 12703] - 144.90300000000005
[33449, 33453] - 158.7181
[33449, 34885] - 136.91720000000004
[10295, 12831] - 119.67009999999995
[12479, 12483] - 161.59880000000004
[12691, 12695] - 165.05239999999998
[12479, 12487] - 159.16300000000007
[12691, 12703] - 134.05330000000004
[10307, 12483] - 133.89920000000004
[10315, 10331] - 141.7323
[33453, 33469] - 221.76709999999997
[10307, 12487] - 146.26969999999992
[10315, 10335] - 237.77889999999994
[10315, 10339] - 133.50160000000002
[10295, 12895] - 225.21810000000005
[12875, 32213] - 122.73459999999994
[12827, 12895] - 334.60179999999986
[12875, 34893] - 145.23180000000005
[12695, 12703] - 344.6451999999996
[10307, 12679] - 163.72920000000005
[12831, 12895] - 136.5328
[10307, 12695] - 154.51839999999996
[10307, 12703] - 141.00669999999997
[10315, 12483] - 202.15869999999995
[10315, 12487] - 220.74190000000002
[12751, 18863] - 143.737
[12695, 12895] - 145.16860000000014
[12483, 12703] - 190.83859999999984
[10311, 12695] - 140.18400000000005
[10307, 12827] - 119.24869999999999
[12487, 12571] - 141.26270000000005
[10307, 12831] - 127.27250000000002
[32201, 32205] - 151.08420000000007
[10307, 12895] - 249.05960000000013
[10315, 12679] - 126.62060000000001
[12487, 12695] - 143.86749999999995
[10315, 12695] - 130.82350000000008
[10315, 12703] - 182.4339
[12483, 12875] - 162.81970000000007
[10311, 12875] - 187.13060000000002
[10331, 10335] - 130.56870000000004
[32205, 32213] - 214.10730000000012
[10311, 12895] - 157.9867
[12895, 18863] - 141.39600000000013
[12703, 12875] - 168.8714999999999
[12703, 12895] - 140.09430000000006
[10315, 12831] - 128.9334
[10295, 33449] - 157.82619999999991
[10295, 33469] - 128.82560000000004
[12487, 12875] - 245.39290000000008
[12487, 12895] - 128.5667
[12571, 12575] - 142.1814999999999
[10315, 12895] - 198.29770000000008
[34885, 34893] - 124.6887000000001
[12715, 12723] - 130.28930000000008
[34885, 34897] - 163.0761
[12895, 33449] - 193.97200000000015
[12895, 33469] - 150.8474000000001
[12571, 12703] - 125.97730000000001
[34889, 34901] - 137.84429999999998
[34889, 34905] - 131.35410000000005
[32213, 34893] - 152.9141
[12695, 33449] - 152.03019999999998
[12723, 12727] - 119.52490000000003
[12339, 35185] - 139.33390000000003
[10307, 33449] - 129.4255
[10307, 33469] - 139.0208
[48663, 48667] - 120.89980000000004
[12483, 32213] - 155.22070000000005
[12795, 12819] - 173.9249000000001
[12795, 12831] - 200.79370000000006
[10311, 34893] - 136.94109999999998
[12795, 12895] - 125.85780000000001
[12663, 12667] - 149.71300000000002
[48667, 48675] - 122.3413000000001
[12663, 12679] - 137.40749999999997
[12703, 34893] - 176.56770000000014
[10315, 32213] - 152.93740000000014
[10315, 33449] - 128.52479999999994
[12487, 34893] - 195.76480000000015
[47953, 47957] - 144.204
[33429, 33449] - 148.88439999999997
[12663, 12895] - 144.38879999999997
[33433, 33453] - 172.84269999999998
[12431, 18863] - 136.88190000000003
[10291] - 352.36000000000024
[10303] - 348.6899999999998
[10327] - 173.10999999999984
[10829] - 154.26999999999995
[10833] - 232.68000000000015
[10841] - 249.6099999999999
[10849] - 235.19999999999987
[10857] - 338.49
[10861] - 350.28000000000003
[10865] - 220.48999999999998
[10877] - 1040.1299999999997
[10881] - 291.5199999999997
[12299] - 422.9600000000003
[12323] - 126.49999999999999
[12327] - 221.57999999999987
[12331] - 154.6799999999999
[12335] - 153.67999999999998
[12343] - 201.63
[12347] - 206.57000000000005
[12351] - 145.10000000000005
[12355] - 817.2199999999984
[12367] - 286.98000000000036
[12371] - 178.89999999999984
[12395] - 219.49000000000024
[12399] - 242.12999999999982
[12403] - 303.78999999999996
[12407] - 570.54
[12411] - 596.619999999999
[12419] - 248.93999999999988
[12427] - 157.75000000000006
[12439] - 219.8700000000001
[12447] - 290.9899999999999
[12451] - 234.3100000000001
[12459] - 253.9899999999999
[12467] - 359.3
[12471] - 172.3100000000001
[12475] - 152.82999999999996
[12491] - 334.7699999999999
[12495] - 405.21999999999997
[12515] - 306.0999999999998
[12523] - 335.11999999999983
[12527] - 343.8199999999996
[12531] - 308.08000000000027
[12535] - 138.84000000000003
[12547] - 350.0500000000001
[12551] - 397.51000000000005
[12555] - 357.27000000000004
[12559] - 827.6399999999991
[12563] - 181.88999999999993
[12567] - 667.8799999999991
[12579] - 182.18999999999994
[12583] - 170.83
[12587] - 170.92
[12591] - 202.49000000000004
[12595] - 162.23999999999998
[12603] - 492.77000000000044
[12607] - 273.4999999999999
[12615] - 178.48999999999987
[12627] - 588.1000000000001
[12631] - 217.54999999999993
[12635] - 126.01000000000002
[12643] - 194.94000000000017
[12647] - 308.4999999999999
[12651] - 150.56000000000003
[12655] - 571.2400000000001
[12659] - 762.7500000000002
[12671] - 224.34999999999985
[12675] - 418.61999999999983
[12687] - 541.0000000000003
[12711] - 387.54
[12719] - 283.9
[12731] - 256.8099999999999
[12735] - 331.39
[12739] - 303.32
[12743] - 349.75999999999954
[12747] - 384.3400000000005
[12755] - 491.20000000000056
[12759] - 629.8300000000003
[12763] - 529.1200000000005
[12767] - 307.49000000000007
[12771] - 497.3899999999994
[12775] - 330.1099999999999
[12779] - 588.7099999999997
[12783] - 710.3000000000008
[12787] - 336.3700000000003
[12799] - 135.10999999999987
[12803] - 203.5399999999999
[12807] - 440.7899999999996
[12823] - 450.42999999999967
[12835] - 399.72999999999973
[12839] - 192.26000000000008
[12843] - 296.1700000000001
[12847] - 354.75999999999976
[12851] - 159.08000000000004
[12855] - 329.43999999999977
[12863] - 121.43
[12867] - 361.2700000000002
[12871] - 281.65999999999985
[12879] - 300.5499999999999
[12883] - 377.3500000000003
[12887] - 232.48000000000005
[12891] - 160.25
[12903] - 262.00999999999993
[12907] - 341.18000000000035
[18423] - 257.14
[18427] - 334.94999999999993
[18447] - 174.02000000000015
[18459] - 136.13999999999996
[18487] - 163.72000000000003
[18499] - 193.93
[18507] - 154.19000000000003
[18523] - 137.20999999999995
[18527] - 225.95999999999992
[18547] - 306.6000000000001
[18563] - 147.49999999999997
[18587] - 168.35999999999996
[18599] - 125.51000000000008
[18603] - 169.50000000000006
[18619] - 344.8000000000003
[18635] - 123.19000000000003
[18643] - 153.88000000000002
[18675] - 173.01999999999978
[18683] - 159.5000000000001
[18691] - 348.46
[18695] - 135.38999999999993
[18707] - 308.42999999999984
[18723] - 236.75000000000026
[18727] - 168.06999999999996
[18787] - 555.8600000000004
[18795] - 133.76000000000002
[18815] - 130.88000000000014
[18831] - 308.4199999999998
[18847] - 124.63999999999997
[18855] - 250.05999999999997
[18871] - 298.24999999999966
[18879] - 269.8
[18883] - 127.43000000000005
[20807] - 352.9800000000003
[32197] - 211.34000000000023
[32209] - 384.8800000000003
[32221] - 175.88000000000008
[33425] - 304.57000000000005
[33437] - 287.9100000000003
[33441] - 191.20999999999992
[33445] - 138.56999999999996
[33457] - 151.49999999999994
[33461] - 129.55
[33465] - 224.37000000000012
[34909] - 189.95999999999995
[34913] - 217.99000000000004
[34917] - 186.76000000000005
[34921] - 252.19999999999982
[34925] - 210.42999999999984
[34929] - 235.60000000000005
[35149] - 203.24999999999991
[35153] - 177.98999999999998
[35157] - 159.55000000000007
[35165] - 175.4300000000001
[35169] - 204.13000000000005
[35177] - 190.07000000000008
[35181] - 215.92000000000002
[35205] - 122.24000000000002
[35213] - 272.06000000000006
[46281] - 151.61000000000004
[46289] - 145.36999999999995
[47277] - 126.71999999999997
[47687] - 146.88999999999996
[47945] - 461.9500000000002
[47949] - 384.9999999999995
[47961] - 146.29999999999993
[47965] - 248.33000000000004
[47973] - 250.93999999999997
[48575] - 184.0299999999999
[48655] - 143.38000000000005
[48671] - 147.52999999999997
[48683] - 140.22999999999996
[48687] - 120.78999999999998
[48707] - 250.13000000000005
[48711] - 141.80999999999997
[52973] - 137.49999999999997
[54653] - 128.57
[54661] - 184.6799999999999
[54673] - 176.64
