Total itemsets found: 624
Elapsed time: 2531ms
[77] - 1684.500000000009
[86] - 1689.2500000000075
[107] - 1799.8300000000065
[36, 16] - 1698.0267999999976
[16, 94] - 1702.2239999999997
[16, 90] - 1694.2312999999986
[108, 97] - 1697.3172999999995
[90, 108] - 1695.9089999999976
[2, 29] - 1756.1966999999972
[38, 29] - 1753.570999999998
[29, 97] - 1753.671599999996
[36, 29] - 1756.250099999999
[29, 94] - 1758.832199999995
[90, 29] - 1750.5854999999954
[2, 70] - 1752.8155999999965
[24, 36, 70] - 1690.1193209999963
[24, 70, 94] - 1695.6698470000003
[24, 90, 70] - 1684.4814879999958
[38, 70] - 1752.5358999999971
[70, 97] - 1752.344299999996
[36, 70, 94] - 1692.9252029999989
[90, 70, 94] - 1687.4539569999997
[13, 97] - 1804.5081999999964
[13, 36] - 1714.5644000000002
[13, 94] - 1728.9928000000007
[13, 90] - 1880.4892999999975
[66, 2] - 1815.5200999999997
[66, 24, 36] - 1725.8950369999993
[66, 24, 94] - 1746.722801
[66, 24, 90] - 1738.9704449999983
[66, 38] - 1814.756399999996
[66, 97] - 1776.066899999999
[66, 36, 94] - 1728.3972879999978
[66, 36, 90] - 1721.0891859999965
[66, 90, 94] - 1741.3270159999956
[122, 41] - 1841.2757999999985
[122, 36, 94] - 1752.9259719999943
[122, 36, 90] - 1747.699349999999
[122, 90, 94] - 1752.329501999993
[114, 63] - 1820.6546999999973
[24, 114] - 1784.4322999999977
[36, 114, 94] - 1747.2665169999975
[36, 114, 90] - 1748.7679489999987
[114, 90, 94] - 1766.7329989999982
[9, 41] - 1757.898099999999
[36, 9, 97] - 1692.9735909999977
[9, 94, 97] - 1696.6740130000019
[90, 9, 97] - 1689.2830329999986
[36, 9, 94] - 1804.8984829999945
[36, 90, 9] - 1797.0888629999986
[90, 9, 94] - 1801.1517359999987
[24, 63] - 1861.5848000000008
[38, 63] - 1779.0420000000004
[36, 63] - 1851.6159999999943
[94, 63] - 1859.1875999999984
[90, 63] - 2010.8529999999998
[2, 42] - 1803.6471999999974
[42, 120] - 1801.4462999999992
[24, 42] - 1768.8714000000004
[38, 42] - 1833.1435999999999
[36, 42, 97] - 1846.1107019999995
[94, 42, 97] - 1845.5494989999954
[90, 42, 97] - 1849.266360999995
[36, 94, 42] - 1845.163622999996
[36, 90, 42] - 1849.168162999998
[90, 94, 42] - 1848.4712289999964
[12, 90, 97] - 1736.4663859999962
[12, 36, 94] - 1814.4688659999977
[12, 36, 90] - 1812.1557959999984
[12, 90, 94] - 1818.071724999998
[100, 79] - 1688.5783999999953
[100, 56, 24, 97] - 1808.0324482499964
[100, 56, 24, 36] - 1808.4374704700026
[100, 56, 24, 94] - 1813.7676058599998
[100, 56, 24, 90] - 1809.5043228499992
[100, 56, 36, 97] - 1799.7802101899972
[100, 56, 94, 97] - 1804.904420519998
[100, 56, 90, 97] - 1800.7777541199982
[100, 56, 36, 94] - 1805.164731879999
[100, 56, 36, 90] - 1801.1758383099982
[100, 56, 90, 94] - 1806.7454248099968
[100, 24, 36, 94, 97] - 1688.4807762633025
[100, 24, 36, 90, 97] - 1690.917033797099
[100, 24, 90, 94, 97] - 1690.3648003953995
[100, 24, 36, 90, 94] - 1690.0397048254008
[57, 128, 97] - 1789.3684080000044
[57, 36, 128] - 1794.892879999998
[57, 128, 94] - 1797.2210589999943
[57, 90, 128] - 1792.6907359999957
[56, 128, 97] - 1749.7766659999988
[56, 36, 128] - 1745.659847999998
[56, 128, 94] - 1752.7348439999976
[56, 90, 128] - 1748.522571999997
[128, 71, 97] - 1683.8154459999996
[128, 71, 94] - 1685.395863999998
[67, 128, 97] - 1713.843933000001
[67, 36, 128] - 1710.1310030000009
[67, 128, 94] - 1716.401527000001
[67, 90, 128] - 1713.1777220000006
[128, 41] - 1791.549000000001
[36, 38, 128, 94, 97] - 1727.2875916340008
[36, 38, 90, 128, 97] - 1722.273219773103
[38, 90, 128, 94, 97] - 1727.1474962501986
[36, 38, 90, 128, 94] - 1742.8967500068015
[36, 90, 128, 94, 97] - 1840.2448248559974
[11, 67] - 1687.3407000000007
[11, 41] - 1750.3026999999918
[11, 36, 38, 94, 97] - 1783.555925373999
[11, 36, 38, 90, 97] - 1781.596648685698
[11, 38, 90, 94, 97] - 1781.9194877107975
[11, 36, 38, 90, 94] - 1887.1441939721024
[11, 36, 90, 94, 97] - 1809.3784972234976
[56, 6] - 1737.8938999999982
[6, 41, 97] - 1688.0251929999995
[36, 6, 41] - 1748.2601230000007
[6, 94, 41] - 1754.3451669999984
[6, 90, 41] - 1787.0001290000005
[38, 6, 90, 97] - 1689.2304766399955
[36, 38, 6, 94] - 1744.6782971400007
[36, 38, 6, 90] - 1738.553877199997
[38, 6, 90, 94] - 1749.4891662700034
[36, 6, 90, 94, 97] - 1842.2568291141035
[23, 57] - 1802.2576999999983
[1, 23, 104] - 1864.2365530000015
[67, 23, 104, 71] - 1817.771453419994
[23, 38, 104, 71] - 1795.4379038900029
[23, 104, 71, 97] - 1799.2425970700006
[23, 36, 104, 71] - 1865.043665239997
[23, 104, 71, 94] - 1866.542134109994
[23, 104, 90, 71] - 1865.1955126099963
[23, 67, 104, 41] - 1753.0780875100013
[23, 67, 36, 104, 38] - 1728.4258527929983
[23, 67, 104, 38, 94] - 1729.988980655998
[23, 67, 104, 38, 90] - 1727.6373123891003
[23, 67, 36, 104, 97] - 1734.7222946703937
[23, 67, 104, 94, 97] - 1734.677305255903
[23, 67, 104, 90, 97] - 1732.8697473676016
[23, 67, 36, 104, 94] - 1793.6864596531034
[23, 67, 36, 104, 90] - 1791.7332861238015
[23, 67, 104, 90, 94] - 1792.8026928001989
[23, 38, 104, 41] - 1842.8894317300026
[23, 104, 41, 97] - 1780.6437356399958
[23, 36, 104, 41] - 1845.2366270900004
[23, 104, 94, 41] - 1846.9560570700005
[23, 104, 90, 41] - 1845.739807649999
[23, 36, 104, 38, 97] - 1754.8679967308005
[23, 104, 38, 94, 97] - 1755.9395046477982
[23, 104, 38, 90, 97] - 1753.9361251611979
[23, 36, 104, 38, 94] - 1813.5993922753964
[23, 36, 104, 38, 90] - 1811.4901669589003
[23, 104, 38, 90, 94] - 1813.6314254828023
[23, 36, 104, 94, 97] - 1820.2261912957965
[23, 36, 104, 90, 97] - 1818.6145841529017
[23, 104, 90, 94, 97] - 1819.1610518014995
[23, 36, 104, 90, 94] - 1877.628128366499
[23, 1, 71] - 1867.3587419999976
[23, 1, 67, 41] - 1739.386365859997
[23, 1, 67, 38] - 1740.274996610001
[23, 1, 67, 36] - 1805.7892744899973
[23, 1, 67, 94] - 1806.9627483999986
[23, 1, 67, 90] - 1806.4503214999997
[23, 1, 38, 41] - 1734.7866243899996
[23, 1, 36, 41] - 1737.1706592999935
[23, 1, 94, 41] - 1738.612713719998
[23, 1, 90, 41] - 1737.9961338699945
[23, 1, 36, 38] - 1737.8178983999985
[23, 1, 38, 94] - 1739.598925999999
[23, 1, 38, 90] - 1738.3825904099965
[23, 1, 97] - 1844.9678909999952
[23, 1, 36, 94] - 1804.8068080399976
[23, 1, 36, 90] - 1804.2842429699967
[23, 1, 90, 94] - 1805.4508494399975
[88, 23] - 1723.957100000004
[23, 79] - 1722.391099999995
[56, 23] - 1708.906400000002
[23, 67, 71, 41] - 1708.4377058300004
[23, 67, 36, 38, 71] - 1686.9707864962002
[23, 67, 38, 71, 94] - 1689.9953580857011
[23, 67, 38, 90, 71] - 1688.6188054199984
[23, 67, 71, 97] - 1754.6755388800025
[23, 67, 36, 71, 94] - 1752.3200851338001
[23, 67, 36, 90, 71] - 1751.4259988753943
[23, 67, 90, 71, 94] - 1754.055567543003
[23, 38, 71, 41] - 1752.1838683400003
[23, 36, 71, 41] - 1753.1584189299954
[23, 71, 94, 41] - 1755.9661106499964
[23, 90, 71, 41] - 1755.2816886800008
[23, 38, 71, 97] - 1731.7015795500022
[23, 36, 38, 71, 94] - 1730.7719572779029
[23, 36, 38, 90, 71] - 1729.2435662900966
[23, 38, 90, 71, 94] - 1732.3470236220983
[23, 36, 71, 97] - 1803.0833228399995
[23, 71, 94, 97] - 1803.2410767699985
[23, 90, 71, 97] - 1801.771588090001
[23, 36, 90, 71, 94] - 1795.2397900879964
[23, 67, 36, 38, 41] - 1687.9125255268978
[23, 67, 38, 94, 41] - 1690.3980977693031
[23, 67, 38, 90, 41] - 1688.8108213722953
[23, 67, 41, 97] - 1689.349109199999
[23, 67, 36, 94, 41] - 1692.0424063188025
[23, 67, 36, 90, 41] - 1690.8234568903017
[23, 67, 90, 94, 41] - 1693.1840239001956
[23, 67, 38, 97] - 1857.2886092099989
[23, 67, 36, 38, 94] - 1842.8279622315968
[23, 67, 36, 38, 90] - 1840.9353470499036
[23, 67, 38, 90, 94] - 1843.751404311601
[23, 67, 36, 94, 97] - 1737.716062864798
[23, 67, 36, 90, 97] - 1735.6996450651977
[23, 67, 90, 94, 97] - 1735.6284793185005
[23, 67, 36, 90, 94] - 1907.5499631243022
[23, 38, 41, 97] - 1778.4217709800037
[23, 36, 38, 94, 41] - 1771.1524594228024
[23, 36, 38, 90, 41] - 1769.888094171098
[23, 38, 90, 94, 41] - 1772.8928606108977
[23, 36, 41, 97] - 1782.5032398899973
[23, 94, 41, 97] - 1783.1160627099978
[23, 90, 41, 97] - 1781.6675522899961
[23, 36, 90, 94, 41] - 1775.0449531986012
[23, 36, 38, 94, 97] - 1756.9681477519957
[23, 36, 38, 90, 97] - 1754.7977350859985
[23, 38, 90, 94, 97] - 1755.8252312665986
[23, 36, 38, 90, 94] - 1925.9265634105025
[23, 36, 90, 94, 97] - 1821.281329991498
[55, 24] - 1855.6820000000002
[55, 38, 41] - 1858.1727519999993
[55, 36, 94, 41] - 1731.2119924399979
[55, 36, 90, 41] - 1724.7150389599967
[55, 90, 94, 41] - 1738.7427599400019
[55, 38, 90, 97] - 1784.130915919997
[55, 36, 38, 90, 94] - 1690.412730027296
[55, 36, 94, 97] - 1782.647086779994
[55, 36, 90, 97] - 1784.6548042799977
[55, 90, 94, 97] - 1775.7931854400001
[57, 104, 97] - 1684.7033199999987
[57, 36, 104] - 1766.6954179999984
[57, 104, 94] - 1774.134843999997
[57, 104, 90] - 1771.5297479999974
[56, 57] - 1710.6704999999963
[57, 71, 94] - 1688.0678450000025
[57, 90, 71] - 1685.8483229999963
[67, 57, 94] - 1686.6521710000009
[67, 57, 90] - 1683.5120400000003
[57, 36, 38, 94, 41, 97] - 1764.7071755045517
[57, 36, 38, 90, 41, 97] - 1757.0763709468522
[57, 38, 90, 94, 41, 97] - 1761.7147666232527
[57, 36, 38, 90, 94, 41] - 1823.6925958478118
[57, 36, 90, 94, 41, 97] - 1765.5974206995502
[57, 36, 38, 90, 94, 97] - 1816.7099502733838
[1, 5] - 1689.4703999999979
[88, 5] - 1746.6854999999996
[79, 5] - 1772.7465999999968
[56, 5] - 1739.9980999999968
[24, 5] - 1772.276700000001
[5, 90, 71] - 1698.8196529999989
[67, 5, 97] - 1686.4116040000013
[67, 36, 5] - 1742.9466719999969
[67, 5, 94] - 1750.7015779999977
[67, 5, 90] - 1782.9614430000017
[5, 90, 41, 97] - 1684.264068499998
[36, 5, 94, 41] - 1782.209884519994
[36, 5, 90, 41] - 1774.7206808699978
[5, 90, 94, 41] - 1786.0431242399968
[36, 5, 38, 94, 97] - 1695.9461754810973
[36, 5, 38, 90, 97] - 1692.9960904074974
[5, 38, 90, 94, 97] - 1697.5683813538951
[36, 5, 38, 90, 94] - 1751.6657504945958
[36, 5, 90, 94, 97] - 2102.673007913298
[1, 104, 31] - 1707.4665080000004
[104, 41, 31] - 1685.8741479999987
[104, 90, 31] - 1765.346356
[1, 56, 41, 31] - 1798.122958490002
[1, 56, 97, 31] - 1800.64462917
[1, 56, 36, 31] - 1799.6978716299964
[1, 56, 94, 31] - 1803.3333597299966
[1, 56, 90, 31] - 1800.0670750299948
[67, 1, 71, 31] - 1692.5111689300018
[1, 71, 41, 31] - 1833.251758939995
[1, 36, 71, 31] - 1795.1916761100003
[1, 71, 94, 31] - 1799.1862965899988
[1, 90, 71, 31] - 1921.2329757399993
[1, 67, 41, 31] - 1830.9285809799965
[1, 67, 97, 31] - 1709.4089489200032
[1, 67, 36, 31] - 1822.0177117700007
[1, 67, 94, 31] - 1828.0142821999948
[1, 67, 90, 31] - 1949.8631875999997
[1, 90, 41, 31, 97] - 1735.0723847719996
[1, 36, 90, 94, 41, 31] - 1741.6967627385009
[1, 36, 94, 31, 97] - 1751.1526275431966
[1, 36, 90, 31, 97] - 1748.0149122685946
[1, 90, 94, 31, 97] - 1751.4975189505983
[88, 31] - 1811.3416000000009
[79, 36, 31] - 1702.459633999997
[79, 94, 31] - 1706.375760000002
[79, 90, 31] - 1705.6523619999969
[56, 41, 97, 31] - 1800.3436589299959
[56, 36, 41, 31] - 1799.847538880001
[56, 94, 41, 31] - 1803.4842195099984
[56, 90, 41, 31] - 1800.14546884
[56, 36, 31, 97] - 1802.218309429997
[56, 94, 31, 97] - 1805.6758618800002
[56, 90, 31, 97] - 1802.4898555499979
[56, 36, 94, 31] - 1804.8404142799955
[56, 36, 90, 31] - 1801.6414226999964
[56, 90, 94, 31] - 1805.4973197999982
[67, 90, 71, 31] - 1748.249977770002
[36, 71, 41, 31] - 1755.6636866299966
[71, 94, 41, 31] - 1760.2142643700015
[90, 71, 41, 31] - 1882.652613780003
[90, 71, 31, 97] - 1685.6732991500012
[36, 71, 94, 31] - 1851.2917331199994
[36, 90, 71, 31] - 1848.0741297200018
[90, 71, 94, 31] - 1852.5940716599955
[67, 36, 41, 31] - 1752.6855551100005
[67, 94, 41, 31] - 1758.7045998100014
[67, 90, 41, 31] - 1880.2038166800005
[67, 38, 31] - 1717.637321999997
[67, 90, 31, 97] - 1715.9201676299945
[67, 36, 90, 94, 31] - 1690.9414632780977
[36, 41, 31, 97] - 1802.5344485799965
[94, 41, 31, 97] - 1806.1656085700024
[38, 90, 31] - 1753.8577619999999
[36, 90, 94, 31, 97] - 1776.1071107638973
[24, 2, 120] - 1826.6187889999965
[2, 38, 97, 120] - 1786.1090968700016
[2, 36, 38, 120] - 1831.618162470001
[2, 38, 94, 120] - 1839.5643654199978
[2, 38, 90, 120] - 1833.0242066499961
[2, 36, 97, 120] - 1811.9938403700007
[2, 94, 97, 120] - 1819.460328079998
[2, 90, 97, 120] - 1812.6589428899968
[2, 36, 94, 120] - 1865.2321048100011
[2, 36, 90, 120] - 1859.167226409999
[2, 90, 94, 120] - 1866.8296823599958
[2, 24, 36, 38, 94, 97] - 1686.2685524925148
[2, 24, 38, 90, 94, 97] - 1684.8917285273926
[2, 24, 36, 38, 90, 94] - 1698.5855163121205
[2, 24, 36, 90, 94, 97] - 1735.2382187545743
[2, 36, 38, 90, 94, 97] - 1967.2008417926243
[67, 1, 104, 71] - 1786.4066055699986
[1, 104, 71, 41] - 1703.2629390900036
[1, 104, 71, 97] - 1720.976501450002
[1, 36, 104, 71] - 1710.894491169999
[1, 104, 71, 94] - 1710.8797884700016
[1, 104, 90, 71] - 1834.1000576999938
[1, 67, 104, 41] - 1829.2016214899995
[1, 67, 38, 104] - 1801.6836640999961
[1, 67, 104, 97] - 1847.8907934599977
[1, 67, 36, 104] - 1837.0285137000026
[1, 67, 104, 94] - 1836.742096319998
[1, 67, 104, 90] - 1959.9230331299987
[1, 38, 104, 41] - 1742.5434983299942
[1, 104, 41, 97] - 1716.3849525399987
[1, 36, 104, 41] - 1808.9456505199967
[1, 104, 94, 41] - 1809.5846853700014
[1, 104, 90, 41] - 1931.6435797899978
[1, 104, 38, 97] - 1782.39496459
[1, 36, 104, 38] - 1685.558478309995
[1, 104, 38, 94] - 1685.8498360599979
[1, 104, 38, 90] - 1810.2743031699983
[1, 36, 104, 97] - 1722.1584001200035
[1, 104, 94, 97] - 1721.1485143399993
[1, 104, 90, 97] - 1847.0205020500007
[1, 36, 104, 90, 94] - 1745.8063100972042
[88, 67, 104] - 1691.1983099999975
[88, 36, 104, 94] - 1710.646845210002
[88, 36, 104, 90] - 1707.7392469300012
[88, 104, 90, 94] - 1708.7126068699972
[67, 79, 104] - 1692.3205409999923
[79, 36, 104, 94] - 1708.780689999997
[79, 36, 104, 90] - 1707.9327630100024
[79, 104, 90, 94] - 1709.109506219998
[56, 104] - 1705.7983999999979
[67, 104, 71, 41] - 1749.951195029999
[67, 104, 38, 71, 97] - 1739.362011781703
[67, 36, 104, 38, 71] - 1684.829671968299
[67, 104, 38, 71, 94] - 1687.6683087142032
[67, 104, 38, 90, 71] - 1797.9729408674013
[67, 36, 104, 71, 97] - 1743.9977984453997
[67, 104, 71, 94, 97] - 1745.2581884144004
[67, 104, 90, 71, 97] - 1856.9264858620993
[67, 36, 104, 71, 94] - 1846.9212845035004
[67, 36, 104, 90, 71] - 1844.5891577544023
[67, 104, 90, 71, 94] - 1847.176011910604
[38, 104, 71, 41] - 1748.5817377699982
[104, 71, 41, 97] - 1684.684964740003
[36, 104, 71, 41] - 1720.748050499999
[104, 71, 94, 41] - 1721.9367834699951
[104, 90, 71, 41] - 1844.876595710001
[104, 38, 90, 71, 97] - 1782.8897597164005
[36, 104, 38, 71, 94] - 1730.603009034804
[36, 104, 38, 90, 71] - 1727.538705874099
[104, 38, 90, 71, 94] - 1730.5061101977974
[36, 104, 71, 94, 97] - 1790.0056896191973
[36, 104, 90, 71, 97] - 1788.0186676576982
[104, 90, 71, 94, 97] - 1789.3673239836953
[36, 104, 90, 71, 94] - 1934.3309624959
[67, 104, 38, 90, 41] - 1685.395739466501
[67, 104, 41, 97] - 1811.8086260700013
[67, 36, 104, 41] - 1847.2129596800003
[67, 104, 94, 41] - 1848.1690708299982
[67, 36, 104, 38, 97] - 1782.175755965401
[67, 104, 38, 94, 97] - 1783.654421953102
[67, 104, 38, 90, 97] - 1894.7405079184034
[67, 36, 104, 38, 94] - 1842.6536423870025
[67, 36, 104, 38, 90] - 1839.1324190876019
[67, 104, 38, 90, 94] - 1841.7531866351076
[67, 36, 104, 90, 94, 97] - 1712.2525042214588
[104, 38, 90, 41, 97] - 1710.873450059602
[36, 104, 38, 41] - 1850.959286389996
[104, 38, 94, 41] - 1852.6406076499973
[36, 104, 41, 97] - 1779.4322063699976
[104, 94, 41, 97] - 1779.9189504999981
[36, 104, 90, 94, 41] - 1839.447528420594
[36, 104, 38, 94, 97] - 1868.8148708835006
[36, 104, 38, 90, 97] - 1865.674914346906
[104, 38, 90, 94, 97] - 1867.6881521918
[36, 104, 38, 90, 94] - 1935.3890821715013
[56, 38, 97, 120] - 1792.8797985899994
[56, 36, 38, 120] - 1790.6874133999995
[56, 38, 94, 120] - 1799.977747049999
[56, 38, 90, 120] - 1793.8707177299984
[56, 36, 97, 120] - 1854.8131366899945
[56, 94, 97, 120] - 1863.4759280399971
[56, 90, 97, 120] - 1857.78179262
[56, 36, 94, 120] - 1861.9438707199952
[56, 36, 90, 120] - 1856.0926749299988
[56, 90, 94, 120] - 1864.9872028599964
[24, 38, 97, 120] - 1725.6685128500037
[24, 38, 90, 120] - 1725.3908192799963
[24, 36, 97, 120] - 1735.239338529997
[24, 94, 97, 120] - 1741.9984573600004
[24, 90, 97, 120] - 1798.1554273600004
[24, 36, 94, 120] - 1742.1182534500017
[24, 36, 90, 120] - 1735.3034667000006
[24, 90, 94, 120] - 1741.837287869997
[90, 71, 120] - 1740.8384519999984
[67, 97, 120] - 1688.8488089999976
[67, 94, 120] - 1690.8751989999932
[67, 90, 120] - 1755.1569429999972
[36, 38, 90, 94, 97, 120] - 1949.3219428093532
[88, 1, 79] - 1837.2806530000034
[88, 1, 36, 41] - 1784.472350339999
[88, 1, 94, 41] - 1784.5399812399996
[88, 1, 90, 41] - 1781.0574808600009
[88, 1, 97] - 1851.7933339999954
[88, 1, 36, 90, 94] - 1745.5856297110013
[67, 1, 79] - 1707.333953999998
[1, 79, 36, 41] - 1783.7150190599923
[1, 79, 94, 41] - 1783.0564137599995
[1, 79, 90, 41] - 1782.93783568
[1, 79, 36, 97] - 1715.2428124699986
[1, 79, 94, 97] - 1711.8243043199943
[1, 79, 90, 97] - 1713.53136257
[1, 79, 36, 90, 94] - 1788.9642460458008
[1, 56, 71] - 1699.4090750000005
[67, 1, 56] - 1697.836463999999
[1, 56, 41, 97] - 1800.2672767399965
[1, 56, 36, 41] - 1799.7055207599967
[1, 56, 94, 41] - 1803.7010356799974
[1, 56, 90, 41] - 1800.1543978700017
[1, 56, 36, 97] - 1865.7405094799994
[1, 56, 94, 97] - 1869.0193901699997
[1, 56, 90, 97] - 1865.971149160001
[1, 56, 36, 94] - 1868.6621010299975
[1, 56, 36, 90] - 1865.583798509993
[1, 56, 90, 94] - 1869.2885386599999
[1, 67, 90, 71, 41] - 1757.5548400013026
[1, 67, 38, 71] - 1801.7183893000015
[1, 67, 90, 71, 97] - 1710.0127942279976
[1, 67, 36, 71, 94] - 1774.3505477448007
[1, 67, 36, 90, 71] - 1772.5722339808028
[1, 67, 90, 71, 94] - 1774.9844184812048
[1, 38, 71, 41] - 1734.2698954399966
[1, 90, 71, 41, 97] - 1733.9867050549985
[1, 36, 71, 94, 41] - 1842.4235632643956
[1, 36, 90, 71, 41] - 1840.165580374598
[1, 90, 71, 94, 41] - 1840.9942455552982
[1, 38, 90, 71] - 1801.7928072799987
[1, 36, 71, 94, 97] - 1762.5788518174977
[1, 36, 90, 71, 97] - 1760.358621761002
[1, 90, 71, 94, 97] - 1759.1016449833994
[1, 36, 90, 71, 94] - 1978.7966304464974
[1, 67, 38, 41] - 1859.572141039994
[1, 67, 36, 41, 97] - 1736.889935607505
[1, 67, 94, 41, 97] - 1736.698583704599
[1, 67, 90, 41, 97] - 1846.825487257102
[1, 67, 36, 90, 94, 41] - 1757.3970017608362
[1, 67, 38, 97] - 1814.9196190000027
[1, 67, 36, 38] - 1833.9071615900016
[1, 67, 38, 94] - 1835.7259584900014
[1, 67, 38, 90] - 1959.3761126600052
[1, 67, 36, 90, 94, 97] - 1710.7709160861666
[1, 38, 41, 97] - 1714.693587700001
[1, 36, 38, 41] - 1743.7936982699966
[1, 38, 94, 41] - 1745.3453491999978
[1, 38, 90, 41] - 1869.029558709999
[1, 36, 90, 94, 41, 97] - 1835.5265141721552
[1, 36, 38, 97] - 1689.2071166199983
[1, 38, 94, 97] - 1688.7888315700009
[1, 38, 90, 97] - 1813.8180713299994
[1, 36, 38, 94] - 1844.1919065899995
[1, 36, 38, 90] - 1842.2577154899989
[1, 38, 90, 94] - 1843.8971449699995
[88, 79, 71] - 1833.7771949999972
[88, 67, 79, 36] - 1808.2257068700014
[88, 67, 79, 94] - 1807.7377780200013
[88, 67, 79, 90] - 1807.118352310003
[88, 79, 36, 41] - 1735.1706445899972
[88, 79, 94, 41] - 1735.5332553099993
[88, 79, 90, 41] - 1733.8489016199962
[88, 79, 36, 90, 94, 97] - 1771.2892023193647
[88, 56, 36, 94, 97] - 1687.0066575765961
[88, 56, 36, 90, 97] - 1683.9334529664993
[88, 56, 90, 94, 97] - 1689.4164791940996
[88, 56, 36, 90, 94] - 1690.7890235555979
[88, 24, 36] - 1836.5849709999977
[88, 24, 94] - 1843.1246450000003
[88, 24, 90] - 1838.6719819999992
[88, 67, 71] - 1859.7802949999937
[88, 38, 71] - 1684.4280519999982
[88, 36, 71, 97] - 1849.2953220499996
[88, 71, 94, 97] - 1848.4928576599993
[88, 90, 71, 97] - 1847.053575260002
[88, 36, 90, 71, 94] - 1869.7249553396005
[88, 67, 38] - 1860.0901729999982
[88, 67, 36, 94, 97] - 1806.569938963901
[88, 67, 36, 90, 97] - 1804.147978948799
[88, 67, 90, 94, 97] - 1804.9744251827956
[88, 67, 36, 90, 94] - 2008.7760323416014
[88, 36, 41, 97] - 1700.9940251999978
[88, 94, 41, 97] - 1699.2743723399956
[88, 90, 41, 97] - 1697.999550579997
[88, 36, 90, 94, 41] - 1816.3468425922981
[88, 36, 38, 94, 97] - 1729.6871556957997
[88, 36, 38, 90, 97] - 1727.7466614543007
[88, 38, 90, 94, 97] - 1730.0957812413965
[88, 36, 38, 90, 94] - 1847.1132822100037
[56, 79, 36, 97] - 1865.1710134800007
[56, 79, 90, 94, 97] - 1683.586681441698
[56, 79, 36, 90, 94] - 1683.892913346796
[79, 24, 97] - 1700.8326019999956
[79, 24, 36, 94] - 1719.856674519999
[79, 24, 36, 90] - 1717.3133491499952
[79, 24, 90, 94] - 1720.8369157699958
[67, 79, 71, 94] - 1684.3039090299987
[67, 79, 90, 71] - 1686.3426944200005
[79, 36, 71, 94, 97] - 1686.458366582401
[79, 36, 90, 71, 97] - 1687.039531517202
[79, 90, 71, 94, 97] - 1685.3482724588005
[79, 36, 90, 71, 94] - 1889.9397844134012
[67, 79, 38] - 1858.6486319999951
[67, 79, 36, 94, 97] - 1826.4670423335024
[67, 79, 36, 90, 97] - 1827.171397297996
[67, 79, 90, 94, 97] - 1827.0708137999993
[67, 79, 36, 90, 94] - 2031.2848915427003
[79, 36, 41, 97] - 1699.2298011999997
[79, 94, 41, 97] - 1697.898378359995
[79, 90, 41, 97] - 1698.8947300999998
[79, 36, 90, 94, 41] - 1817.153907111198
[79, 36, 38, 94, 97] - 1741.9849553038998
[79, 36, 38, 90, 97] - 1742.7653443465988
[79, 38, 90, 94, 97] - 1743.4757131809035
[79, 36, 38, 90, 94] - 1859.8861579931986
[56, 24, 36, 97] - 1808.6067683399958
[56, 24, 94, 97] - 1813.8965958500028
[56, 24, 90, 97] - 1809.7582285499977
[56, 24, 36, 94] - 1814.2437559799969
[56, 24, 36, 90] - 1810.2305082099986
[56, 24, 90, 94] - 1815.9802739299944
[56, 67, 71, 97] - 1693.8251206800007
[56, 67, 36, 71] - 1692.9789250999968
[56, 67, 71, 94] - 1697.4034552800003
[56, 67, 90, 71] - 1694.7778729400054
[56, 71, 41] - 1733.022302999999
[56, 38, 71, 97] - 1790.8448927399957
[56, 36, 38, 71] - 1788.5704715099948
[56, 38, 71, 94] - 1794.9822941599975
[56, 38, 90, 71] - 1791.4603458499935
[56, 36, 90, 71, 94, 97] - 1776.3221645174722
[56, 67, 41] - 1731.9178579999964
[56, 67, 38, 97] - 1791.5140483799976
[56, 67, 36, 38] - 1789.4999598999952
[56, 67, 38, 94] - 1797.4436579900025
[56, 67, 38, 90] - 1790.4687874299977
[56, 67, 36, 90, 94, 97] - 1774.9759385614782
[56, 36, 94, 41, 97] - 1794.402128527098
[56, 36, 90, 41, 97] - 1790.8083374840005
[56, 90, 94, 41, 97] - 1795.6829564598977
[56, 36, 90, 94, 41] - 1794.969900609001
[56, 36, 38, 90, 94, 97] - 1990.5269767778268
[67, 24] - 1688.9545999999982
[24, 41, 97] - 1840.9093489999955
[24, 36, 94, 41] - 1755.595126940002
[24, 36, 90, 41] - 1746.4334225599966
[24, 90, 94, 41] - 1763.2686100799983
[24, 36, 38, 90, 94, 97] - 1760.540659832695
[67, 38, 71, 41] - 1829.6736075999984
[67, 71, 41, 97] - 1807.7481783100004
[67, 36, 71, 94, 41] - 1733.0428643211994
[67, 36, 90, 71, 41] - 1731.6060468004976
[67, 90, 71, 94, 41] - 1734.700957995597
[67, 36, 38, 71, 94, 97] - 1694.2307176722459
[67, 36, 38, 90, 71, 97] - 1690.974577459862
[67, 38, 90, 71, 94, 97] - 1693.1738159781037
[67, 36, 38, 90, 71, 94] - 1848.6091413742454
[67, 36, 90, 71, 94, 97] - 1946.4304832515445
[38, 71, 41, 97] - 1684.3752006100037
[36, 38, 71, 41] - 1750.3187055799983
[38, 71, 94, 41] - 1753.3578584599982
[38, 90, 71, 41] - 1876.6909343900008
[36, 71, 94, 41, 97] - 1711.2900259690978
[36, 90, 71, 41, 97] - 1709.185743515199
[90, 71, 94, 41, 97] - 1708.703156906197
[36, 90, 71, 94, 41] - 1969.843451315894
[36, 38, 90, 71, 94, 97] - 1961.5881699255667
[67, 38, 41, 97] - 1809.84988574
[67, 36, 38, 94, 41] - 1688.8289770066983
[67, 36, 38, 90, 41] - 1686.855066350101
[67, 38, 90, 94, 41] - 1689.3388875694998
[67, 36, 94, 41, 97] - 1823.467087040006
[67, 36, 90, 41, 97] - 1820.0996423327026
[67, 90, 94, 41, 97] - 1820.5086001728953
[67, 36, 38, 90, 94, 97] - 2087.8216590244256
[36, 38, 90, 94, 41, 97] - 2133.754835771407
