Total itemsets found: 624
Elapsed time: 8510ms
[36, 38, 67, 71, 94, 97] - 1694.2307176722463
[1, 36, 41, 90, 94, 97] - 1835.526514172162
[36, 38, 67, 71, 90, 97] - 1690.974577459859
[36, 38, 67, 71, 90, 94] - 1848.609141374247
[36, 38, 57, 90, 94, 97] - 1816.709950273381
[2, 24, 38, 90, 94, 97] - 1684.891728527396
[36, 38, 67, 90, 94, 97] - 2087.8216590244206
[1, 36, 67, 90, 94, 97] - 1710.7709160861689
[1, 31, 36, 41, 90, 94] - 1741.6967627384997
[36, 38, 41, 57, 94, 97] - 1764.7071755045476
[36, 38, 41, 57, 90, 94] - 1823.6925958478168
[36, 38, 41, 57, 90, 97] - 1757.0763709468565
[36, 79, 88, 90, 94, 97] - 1771.2892023193683
[2, 36, 38, 90, 94, 97] - 1967.200841792619
[36, 67, 71, 90, 94, 97] - 1946.430483251542
[38, 41, 57, 90, 94, 97] - 1761.714766623248
[104, 36, 67, 90, 94, 97] - 1712.2525042214586
[120, 36, 38, 90, 94, 97] - 1949.3219428093498
[2, 24, 36, 90, 94, 97] - 1735.2382187545747
[36, 41, 57, 90, 94, 97] - 1765.5974206995456
[38, 67, 71, 90, 94, 97] - 1693.1738159781041
[36, 38, 56, 90, 94, 97] - 1990.526976777824
[36, 56, 67, 90, 94, 97] - 1774.9759385614798
[2, 24, 36, 38, 90, 94] - 1698.5855163121205
[2, 24, 36, 38, 94, 97] - 1686.2685524925166
[1, 36, 41, 67, 90, 94] - 1757.397001760836
[24, 36, 38, 90, 94, 97] - 1760.540659832695
[36, 56, 71, 90, 94, 97] - 1776.322164517474
[36, 38, 41, 90, 94, 97] - 2133.754835771399
[36, 38, 71, 90, 94, 97] - 1961.588169925565
[36, 71, 79, 94, 97] - 1686.4583665824005
[104, 38, 71, 90, 97] - 1782.889759716405
[104, 38, 71, 90, 94] - 1730.5061101978013
[1, 36, 41, 71, 94] - 1842.4235632643988
[1, 36, 41, 71, 90] - 1840.1655803745987
[104, 23, 67, 90, 97] - 1732.8697473675975
[104, 23, 38, 67, 94] - 1729.9889806559997
[104, 23, 67, 90, 94] - 1792.8026928001996
[31, 36, 67, 90, 94] - 1690.9414632780988
[104, 23, 38, 67, 90] - 1727.6373123891
[36, 41, 67, 94, 97] - 1823.4670870400014
[23, 36, 38, 90, 97] - 1754.7977350859983
[23, 36, 38, 90, 94] - 1925.926563410501
[36, 71, 79, 90, 97] - 1687.0395315172
[36, 71, 79, 90, 94] - 1889.9397844134019
[23, 36, 41, 67, 94] - 1692.0424063188013
[36, 67, 88, 94, 97] - 1806.5699389639042
[23, 36, 41, 67, 90] - 1690.8234568902997
[104, 38, 41, 67, 90] - 1685.3957394665028
[1, 36, 41, 67, 97] - 1736.8899356074994
[104, 23, 67, 94, 97] - 1734.677305255902
[23, 36, 38, 94, 97] - 1756.9681477519962
[56, 79, 90, 94, 97] - 1683.5866814416945
[104, 36, 38, 67, 71] - 1684.8296719683028
[41, 67, 90, 94, 97] - 1820.5086001728969
[104, 23, 36, 38, 67] - 1728.4258527930015
[36, 67, 88, 90, 94] - 2008.7760323415957
[36, 67, 88, 90, 97] - 1804.147978948803
[1, 36, 71, 94, 97] - 1762.5788518175018
[36, 41, 67, 90, 97] - 1820.0996423326992
[104, 23, 36, 38, 94] - 1813.5993922753985
[104, 23, 36, 38, 97] - 1754.8679967308003
[104, 23, 36, 38, 90] - 1811.490166958901
[1, 36, 71, 90, 97] - 1760.3586217610004
[1, 36, 71, 90, 94] - 1978.7966304464994
[36, 38, 88, 94, 97] - 1729.6871556957976
[36, 38, 55, 90, 94] - 1690.4127300272971
[104, 36, 38, 67, 94] - 1842.6536423870045
[104, 36, 38, 67, 90] - 1839.1324190876028
[104, 36, 38, 67, 97] - 1782.1757559653997
[1, 71, 90, 94, 97] - 1759.1016449834017
[128, 36, 38, 90, 97] - 1722.273219773098
[128, 36, 38, 90, 94] - 1742.8967500067995
[11, 36, 90, 94, 97] - 1809.3784972234992
[36, 5, 90, 94, 97] - 2102.6730079133013
[23, 38, 67, 90, 94] - 1843.751404311597
[71, 79, 90, 94, 97] - 1685.3482724587998
[36, 38, 88, 90, 97] - 1727.7466614543011
[100, 24, 36, 94, 97] - 1688.4807762633004
[104, 36, 38, 71, 90] - 1727.5387058740978
[36, 38, 88, 90, 94] - 1847.1132822100062
[104, 36, 38, 71, 94] - 1730.6030090347997
[128, 36, 38, 94, 97] - 1727.287591633997
[36, 41, 79, 90, 94] - 1817.153907111197
[23, 36, 38, 41, 90] - 1769.8880941710959
[38, 5, 90, 94, 97] - 1697.568381353898
[23, 36, 38, 41, 67] - 1687.9125255268975
[23, 36, 38, 41, 94] - 1771.152459422804
[36, 41, 71, 90, 94] - 1969.8434513158943
[36, 41, 71, 90, 97] - 1709.1857435152053
[1, 31, 36, 90, 97] - 1748.0149122686032
[31, 36, 90, 94, 97] - 1776.1071107638961
[1, 67, 71, 90, 97] - 1710.0127942280014
[1, 67, 71, 90, 94] - 1774.9844184812027
[36, 67, 79, 90, 94] - 2031.2848915426964
[36, 67, 79, 90, 97] - 1827.1713972979983
[104, 36, 67, 71, 94] - 1846.9212845034945
[104, 36, 67, 71, 90] - 1844.5891577544016
[104, 36, 67, 71, 97] - 1743.9977984454001
[23, 67, 90, 94, 97] - 1735.6284793185005
[128, 36, 90, 94, 97] - 1840.2448248559951
[36, 41, 56, 90, 97] - 1790.8083374840014
[36, 41, 56, 90, 94] - 1794.969900609002
[23, 36, 67, 71, 94] - 1752.320085133802
[23, 36, 67, 71, 90] - 1751.4259988753959
[1, 36, 67, 71, 94] - 1774.350547744801
[1, 36, 67, 71, 90] - 1772.5722339807976
[104, 67, 71, 90, 97] - 1856.9264858620977
[104, 67, 71, 90, 94] - 1847.176011910597
[1, 31, 41, 90, 97] - 1735.072384771998
[36, 38, 79, 90, 97] - 1742.7653443466
[36, 38, 79, 90, 94] - 1859.8861579932027
[23, 67, 71, 90, 94] - 1754.0555675430003
[104, 36, 41, 90, 94] - 1839.4475284205942
[100, 24, 90, 94, 97] - 1690.3648003953988
[36, 38, 5, 94, 97] - 1695.946175481096
[104, 38, 90, 94, 97] - 1867.6881521918033
[104, 67, 71, 94, 97] - 1745.2581884143992
[36, 41, 71, 94, 97] - 1711.2900259691005
[104, 23, 36, 90, 97] - 1818.6145841529028
[104, 23, 36, 90, 94] - 1877.6281283664975
[23, 36, 41, 90, 94] - 1775.0449531985992
[1, 41, 71, 90, 94] - 1840.9942455553007
[36, 38, 5, 90, 94] - 1751.6657504945929
[1, 41, 71, 90, 97] - 1733.9867050549997
[23, 38, 90, 94, 97] - 1755.8252312666013
[36, 38, 5, 90, 97] - 1692.9960904074987
[41, 67, 71, 90, 94] - 1734.7009579955961
[36, 41, 56, 94, 97] - 1794.4021285270983
[36, 67, 79, 94, 97] - 1826.4670423335035
[104, 23, 36, 94, 97] - 1820.226191295798
[67, 88, 90, 94, 97] - 1804.9744251828006
[36, 56, 88, 94, 97] - 1687.0066575765968
[104, 36, 71, 94, 97] - 1790.0056896191986
[104, 36, 38, 90, 94] - 1935.3890821715006
[104, 36, 38, 90, 97] - 1865.6749143469006
[23, 38, 71, 90, 94] - 1732.3470236220994
[104, 23, 36, 67, 97] - 1734.7222946703969
[104, 23, 36, 67, 90] - 1791.7332861237953
[104, 23, 36, 67, 94] - 1793.686459653107
[56, 88, 90, 94, 97] - 1689.416479194098
[36, 38, 79, 94, 97] - 1741.984955303899
[36, 56, 88, 90, 97] - 1683.9334529664989
[36, 56, 88, 90, 94] - 1690.7890235556004
[104, 36, 38, 94, 97] - 1868.8148708835013
[23, 38, 41, 67, 94] - 1690.3980977692997
[23, 38, 41, 67, 90] - 1688.810821372297
[38, 79, 90, 94, 97] - 1743.4757131809008
[23, 36, 38, 67, 71] - 1686.970786496205
[23, 36, 67, 90, 97] - 1735.6996450651975
[23, 36, 67, 90, 94] - 1907.5499631242997
[23, 36, 38, 67, 94] - 1842.827962231596
[23, 36, 38, 67, 90] - 1840.9353470498995
[1, 41, 67, 71, 90] - 1757.5548400013051
[11, 38, 90, 94, 97] - 1781.9194877107977
[104, 38, 67, 90, 94] - 1841.7531866351014
[104, 38, 67, 90, 97] - 1894.7405079183995
[36, 41, 67, 71, 94] - 1733.0428643211999
[36, 41, 67, 71, 90] - 1731.6060468004994
[1, 31, 36, 94, 97] - 1751.152627543201
[23, 36, 67, 94, 97] - 1737.7160628648005
[1, 36, 88, 90, 94] - 1745.5856297110026
[23, 36, 38, 71, 90] - 1729.243566290099
[36, 6, 90, 94, 97] - 1842.256829114098
[23, 36, 38, 71, 94] - 1730.7719572779006
[104, 38, 67, 94, 97] - 1783.6544219531029
[128, 38, 90, 94, 97] - 1727.1474962502002
[1, 41, 67, 94, 97] - 1736.6985837045963
[100, 24, 36, 90, 94] - 1690.0397048253974
[100, 24, 36, 90, 97] - 1690.9170337970977
[36, 56, 79, 90, 94] - 1683.8929133467975
[104, 23, 90, 94, 97] - 1819.1610518014998
[36, 41, 88, 90, 94] - 1816.3468425922974
[11, 36, 38, 90, 97] - 1781.5966486856971
[11, 36, 38, 90, 94] - 1887.1441939721024
[36, 38, 41, 67, 94] - 1688.8289770066983
[36, 38, 41, 67, 90] - 1686.8550663501005
[23, 41, 67, 90, 94] - 1693.1840239001979
[1, 104, 36, 90, 94] - 1745.8063100971974
[41, 71, 90, 94, 97] - 1708.7031569061962
[1, 41, 67, 90, 97] - 1846.825487257098
[11, 36, 38, 94, 97] - 1783.5559253740003
[23, 38, 67, 71, 94] - 1689.995358085701
[23, 38, 67, 71, 90] - 1688.618805419998
[36, 71, 88, 90, 94] - 1869.724955339601
[104, 38, 67, 71, 90] - 1797.9729408674004
[104, 38, 67, 71, 97] - 1739.3620117817006
[104, 38, 67, 71, 94] - 1687.6683087142003
[1, 36, 79, 90, 94] - 1788.964246045799
[38, 88, 90, 94, 97] - 1730.0957812413951
[41, 56, 90, 94, 97] - 1795.6829564599018
[23, 36, 90, 94, 97] - 1821.2813299915017
[104, 23, 38, 90, 97] - 1753.936125161202
[104, 23, 38, 90, 94] - 1813.6314254828017
[38, 41, 67, 90, 94] - 1689.3388875694973
[67, 79, 90, 94, 97] - 1827.0708137999973
[104, 23, 38, 94, 97] - 1755.9395046478053
[1, 31, 90, 94, 97] - 1751.497518950596
[104, 71, 90, 94, 97] - 1789.3673239836996
[104, 36, 71, 90, 94] - 1934.3309624959031
[104, 36, 71, 90, 97] - 1788.0186676576973
[104, 38, 41, 90, 97] - 1710.8734500595988
[23, 38, 41, 90, 94] - 1772.8928606108955
[23, 36, 71, 90, 94] - 1795.2397900879969
[31, 36, 71, 94] - 1851.2917331199972
[31, 36, 71, 90] - 1848.0741297200009
[100, 56, 94, 97] - 1804.9044205200012
[120, 24, 36, 94] - 1742.1182534500033
[120, 24, 36, 97] - 1735.2393385299965
[100, 36, 56, 94] - 1805.1647318799983
[100, 36, 56, 90] - 1801.1758383099977
[120, 24, 36, 90] - 1735.3034666999981
[67, 79, 88, 94] - 1807.7377780199995
[67, 79, 88, 90] - 1807.1183523100015
[120, 24, 38, 97] - 1725.6685128499998
[100, 36, 56, 97] - 1799.7802101899977
[120, 24, 38, 90] - 1725.390819279998
[1, 31, 56, 97] - 1800.6446291700004
[1, 31, 56, 94] - 1803.3333597299968
[1, 31, 56, 90] - 1800.0670750299978
[100, 24, 36, 56] - 1808.4374704699992
[1, 104, 67, 71] - 1786.4066055699989
[38, 56, 67, 90] - 1790.468787429996
[38, 56, 67, 94] - 1797.4436579900025
[38, 56, 67, 97] - 1791.5140483799994
[1, 104, 67, 97] - 1847.8907934599945
[1, 104, 67, 94] - 1836.7420963199957
[23, 38, 41, 97] - 1778.4217709799973
[23, 36, 71, 97] - 1803.0833228399983
[1, 104, 67, 90] - 1959.9230331299977
[23, 38, 41, 71] - 1752.1838683399994
[31, 67, 71, 90] - 1748.2499777700011
[67, 71, 79, 94] - 1684.30390903
[38, 56, 71, 90] - 1791.4603458499973
[38, 56, 71, 94] - 1794.9822941599982
[67, 71, 79, 90] - 1686.3426944199994
[38, 56, 71, 97] - 1790.844892739998
[24, 79, 90, 94] - 1720.8369157699979
[1, 38, 41, 71] - 1734.2698954399973
[1, 38, 41, 67] - 1859.5721410399976
[1, 41, 79, 94] - 1783.0564137599993
[1, 38, 41, 90] - 1869.0295587099968
[1, 41, 79, 90] - 1782.9378356800046
[1, 104, 71, 94] - 1710.8797884699982
[1, 104, 71, 90] - 1834.100057699997
[1, 38, 41, 97] - 1714.6935877000005
[1, 38, 41, 94] - 1745.3453492000003
[1, 104, 71, 97] - 1720.9765014500038
[36, 38, 41, 71] - 1750.3187055799995
[36, 41, 79, 88] - 1735.1706445899988
[36, 41, 79, 97] - 1699.2298012000022
[1, 31, 67, 71] - 1692.5111689300006
[1, 31, 67, 90] - 1949.8631876000027
[24, 36, 41, 90] - 1746.4334225599996
[23, 67, 71, 97] - 1754.6755388799997
[24, 36, 41, 94] - 1755.5951269400027
[1, 31, 67, 97] - 1709.408948919997
[1, 31, 67, 94] - 1828.0142821999962
[104, 41, 67, 71] - 1749.9511950300002
[55, 90, 94, 97] - 1775.7931854400008
[104, 41, 67, 94] - 1848.169070829997
[104, 41, 67, 97] - 1811.8086260699997
[56, 67, 71, 90] - 1694.7778729400015
[56, 67, 71, 94] - 1697.403455279999
[56, 67, 71, 97] - 1693.8251206799966
[31, 41, 94, 97] - 1806.1656085699979
[104, 23, 67, 71] - 1817.7714534199997
[1, 31, 71, 94] - 1799.1862965899984
[1, 36, 79, 97] - 1715.2428124699977
[1, 31, 71, 90] - 1921.232975740002
[23, 41, 90, 97] - 1781.6675522900034
[1, 41, 88, 90] - 1781.0574808600015
[104, 41, 71, 97] - 1684.6849647399993
[1, 41, 88, 94] - 1784.5399812399987
[104, 41, 71, 90] - 1844.8765957100002
[104, 41, 71, 94] - 1721.9367834700004
[104, 23, 71, 90] - 1865.1955126099972
[104, 23, 71, 94] - 1866.5421341099943
[24, 56, 90, 97] - 1809.7582285499966
[36, 41, 88, 97] - 1700.9940251999992
[24, 56, 90, 94] - 1815.98027393
[104, 23, 71, 97] - 1799.2425970699962
[23, 41, 94, 97] - 1783.116062709994
[1, 23, 90, 94] - 1805.4508494400009
[100, 24, 56, 90] - 1809.5043228499965
[100, 24, 56, 97] - 1808.0324482499946
[100, 24, 56, 94] - 1813.7676058599957
[31, 67, 90, 97] - 1715.920167629995
[24, 36, 56, 90] - 1810.2305082099972
[24, 36, 56, 97] - 1808.606768339997
[24, 36, 56, 94] - 1814.2437559799982
[36, 67, 79, 88] - 1808.225706870001
[104, 38, 41, 71] - 1748.5817377699989
[24, 56, 94, 97] - 1813.8965958500007
[120, 38, 56, 94] - 1799.9777470499998
[120, 38, 56, 97] - 1792.8797985899992
[120, 38, 56, 90] - 1793.8707177299946
[104, 38, 41, 94] - 1852.6406076499973
[36, 38, 56, 67] - 1789.4999598999998
[36, 55, 90, 97] - 1784.6548042800034
[36, 38, 56, 71] - 1788.5704715099946
[36, 55, 94, 97] - 1782.647086780001
[1, 104, 90, 97] - 1847.020502050002
[41, 67, 71, 97] - 1807.7481783099931
[71, 88, 90, 97] - 1847.053575260001
[1, 23, 36, 41] - 1737.1706593
[1, 23, 36, 38] - 1737.817898399998
[1, 23, 38, 41] - 1734.7866243899978
[36, 38, 6, 94] - 1744.6782971400007
[36, 38, 6, 90] - 1738.5538771999989
[1, 23, 36, 67] - 1805.7892744899946
[120, 2, 90, 94] - 1866.8296823600028
[23, 38, 67, 97] - 1857.2886092099977
[120, 2, 90, 97] - 1812.658942890003
[36, 56, 67, 71] - 1692.9789251000018
[38, 41, 67, 71] - 1829.6736075999993
[31, 36, 41, 71] - 1755.663686629998
[1, 104, 94, 97] - 1721.1485143400023
[1, 23, 38, 67] - 1740.2749966100014
[1, 23, 36, 94] - 1804.8068080399983
[1, 23, 36, 90] - 1804.2842429699976
[1, 38, 67, 71] - 1801.7183893000017
[31, 36, 41, 97] - 1802.5344485800006
[1, 23, 38, 94] - 1739.5989259999994
[1, 23, 38, 90] - 1738.3825904100042
[104, 36, 79, 90] - 1707.9327630100024
[31, 36, 41, 56] - 1799.847538879998
[1, 38, 67, 97] - 1814.919618999999
[1, 38, 67, 94] - 1835.7259584900041
[31, 36, 41, 67] - 1752.6855551100007
[1, 38, 67, 90] - 1959.3761126599986
[23, 38, 71, 97] - 1731.7015795500008
[120, 2, 94, 97] - 1819.4603280800006
[41, 88, 90, 97] - 1697.9995505800018
[104, 36, 79, 94] - 1708.780689999999
[1, 23, 41, 67] - 1739.3863658600008
[38, 41, 67, 97] - 1809.8498857399945
[71, 88, 94, 97] - 1848.4928576599993
[1, 23, 41, 90] - 1737.9961338700011
[1, 23, 41, 94] - 1738.6127137199971
[1, 104, 36, 41] - 1808.9456505199985
[1, 104, 36, 38] - 1685.5584783100012
[1, 36, 38, 41] - 1743.793698269998
[1, 38, 71, 90] - 1801.7928072799984
[1, 104, 36, 71] - 1710.8944911699966
[1, 104, 38, 41] - 1742.5434983299929
[23, 36, 41, 97] - 1782.5032398899993
[1, 104, 36, 67] - 1837.0285136999996
[104, 88, 90, 94] - 1708.712606869998
[1, 36, 38, 67] - 1833.907161590001
[1, 36, 38, 90] - 1842.257715489999
[120, 2, 36, 38] - 1831.618162469995
[1, 104, 38, 67] - 1801.6836641000004
[1, 104, 36, 97] - 1722.1584001200017
[120, 36, 38, 56] - 1790.6874133999988
[23, 36, 41, 71] - 1753.15841893
[1, 104, 38, 90] - 1810.2743031700008
[38, 41, 71, 90] - 1876.690934389998
[38, 41, 71, 94] - 1753.3578584599968
[38, 41, 71, 97] - 1684.3752006099974
[41, 55, 90, 94] - 1738.742759940002
[1, 36, 38, 97] - 1689.2071166200017
[1, 36, 38, 94] - 1844.1919065900022
[41, 88, 94, 97] - 1699.2743723399972
[1, 79, 90, 97] - 1713.5313625700005
[1, 104, 38, 97] - 1782.3949645899977
[31, 41, 56, 90] - 1800.1454688400013
[1, 104, 38, 94] - 1685.8498360599988
[31, 41, 56, 97] - 1800.3436589299974
[31, 41, 56, 94] - 1803.484219509997
[1, 36, 41, 56] - 1799.7055207599965
[104, 41, 94, 97] - 1779.918950499998
[120, 2, 36, 90] - 1859.167226409998
[1, 36, 41, 79] - 1783.7150190599982
[120, 2, 36, 94] - 1865.2321048100025
[120, 2, 36, 97] - 1811.993840370003
[1, 36, 41, 88] - 1784.472350339997
[1, 104, 41, 71] - 1703.2629390899972
[1, 104, 41, 67] - 1829.2016214900002
[120, 2, 38, 90] - 1833.0242066499998
[1, 104, 41, 94] - 1809.5846853700004
[120, 2, 38, 94] - 1839.5643654200012
[1, 104, 41, 90] - 1931.6435797899985
[120, 2, 38, 97] - 1786.1090968699996
[104, 36, 88, 90] - 1707.7392469299978
[104, 36, 88, 94] - 1710.646845210001
[1, 79, 94, 97] - 1711.824304319995
[1, 104, 41, 97] - 1716.384952539997
[36, 56, 79, 97] - 1865.171013479998
[1, 31, 36, 56] - 1799.6978716300023
[31, 56, 90, 97] - 1802.4898555499985
[1, 31, 36, 71] - 1795.1916761100022
[31, 56, 90, 94] - 1805.497319800002
[1, 31, 36, 67] - 1822.0177117700002
[31, 71, 90, 97] - 1685.673299149999
[31, 71, 90, 94] - 1852.5940716600014
[24, 36, 79, 90] - 1717.3133491500018
[31, 56, 94, 97] - 1805.6758618799995
[24, 36, 79, 94] - 1719.8566745200028
[36, 41, 5, 94] - 1782.2098845199944
[36, 41, 5, 90] - 1774.7206808699943
[31, 36, 56, 97] - 1802.2183094299958
[31, 36, 56, 94] - 1804.8404142799977
[31, 36, 56, 90] - 1801.6414227000005
[104, 23, 36, 41] - 1845.2366270899986
[1, 31, 41, 67] - 1830.928580979997
[1, 31, 41, 56] - 1798.1229584899986
[104, 23, 36, 71] - 1865.0436652399972
[104, 23, 38, 41] - 1842.8894317299998
[1, 31, 41, 71] - 1833.251758939995
[31, 41, 67, 94] - 1758.7045998100007
[31, 41, 67, 90] - 1880.2038166799964
[1, 41, 56, 97] - 1800.267276739996
[1, 41, 56, 94] - 1803.7010356800006
[1, 41, 56, 90] - 1800.154397869998
[104, 23, 38, 71] - 1795.4379038899986
[41, 5, 90, 94] - 1786.043124239997
[41, 5, 90, 97] - 1684.2640685
[104, 23, 41, 67] - 1753.0780875100013
[38, 6, 90, 94] - 1749.4891662699988
[38, 6, 90, 97] - 1689.2304766399977
[1, 56, 90, 94] - 1869.288538659999
[41, 79, 88, 90] - 1733.848901619995
[120, 24, 90, 94] - 1741.8372878699963
[41, 79, 88, 94] - 1735.5332553099972
[120, 24, 90, 97] - 1798.1554273600016
[104, 23, 41, 90] - 1845.7398076499985
[36, 41, 55, 94] - 1731.2119924399976
[104, 23, 41, 94] - 1846.9560570700012
[36, 41, 55, 90] - 1724.7150389599985
[104, 23, 41, 97] - 1780.6437356400002
[23, 71, 90, 97] - 1801.7715880900007
[24, 41, 90, 94] - 1763.2686100799983
[1, 56, 90, 97] - 1865.971149159999
[120, 56, 90, 94] - 1864.9872028599987
[41, 79, 90, 97] - 1698.8947301000023
[120, 56, 90, 97] - 1857.7817926200023
[23, 41, 67, 71] - 1708.437705829997
[23, 71, 94, 97] - 1803.241076769997
[31, 41, 71, 90] - 1882.652613779997
[104, 36, 38, 41] - 1850.9592863899961
[1, 56, 94, 97] - 1869.0193901699963
[120, 24, 94, 97] - 1741.9984573599986
[120, 56, 94, 97] - 1863.4759280399985
[36, 71, 88, 97] - 1849.295322049995
[31, 41, 71, 94] - 1760.2142643700015
[23, 41, 67, 97] - 1689.349109199998
[1, 36, 56, 94] - 1868.6621010300007
[1, 36, 56, 90] - 1865.5837985100004
[1, 36, 56, 97] - 1865.740509479997
[1, 38, 90, 97] - 1813.8180713300019
[104, 79, 90, 94] - 1709.1095062199984
[1, 38, 90, 94] - 1843.897144969998
[104, 36, 41, 71] - 1720.748050499999
[100, 56, 90, 97] - 1800.7777541199996
[41, 79, 94, 97] - 1697.8983783599997
[120, 36, 56, 94] - 1861.9438707199938
[120, 36, 56, 97] - 1854.813136689998
[104, 36, 41, 67] - 1847.21295968
[100, 56, 90, 94] - 1806.7454248099987
[120, 36, 56, 90] - 1856.0926749299997
[23, 41, 71, 90] - 1755.2816886800003
[23, 41, 71, 94] - 1755.9661106499989
[38, 55, 90, 97] - 1784.1309159199977
[104, 36, 41, 97] - 1779.43220637
[1, 23, 67, 94] - 1806.9627484000023
[1, 23, 67, 90] - 1806.450321500002
[1, 38, 94, 97] - 1688.7888315699997
[31, 79, 90] - 1705.6523619999984
[31, 79, 94] - 1706.3757599999992
[128, 71, 94] - 1685.3958640000033
[128, 71, 97] - 1683.8154459999998
[70, 90, 94] - 1687.4539569999963
[24, 66, 90] - 1738.9704449999986
[24, 66, 94] - 1746.7228010000008
[36, 9, 90] - 1797.0888629999936
[36, 9, 94] - 1804.898482999996
[36, 9, 97] - 1692.9735909999995
[1, 79, 88] - 1837.280653000004
[24, 70, 90] - 1684.481487999996
[24, 70, 94] - 1695.6698469999997
[12, 90, 94] - 1818.0717249999996
[12, 90, 97] - 1736.466385999997
[38, 67, 79] - 1858.6486319999983
[104, 31, 41] - 1685.8741479999965
[38, 67, 88] - 1860.090172999999
[104, 31, 90] - 1765.3463560000012
[120, 67, 90] - 1755.1569429999968
[120, 67, 94] - 1690.8751989999969
[120, 67, 97] - 1688.848808999998
[1, 23, 71] - 1867.358741999999
[104, 36, 57] - 1766.695417999997
[1, 88, 97] - 1851.7933339999981
[38, 71, 88] - 1684.4280519999963
[1, 23, 97] - 1844.9678909999946
[24, 79, 97] - 1700.832601999998
[36, 41, 6] - 1748.2601229999989
[120, 71, 90] - 1740.838451999996
[12, 36, 90] - 1812.155795999997
[12, 36, 94] - 1814.4688660000018
[71, 79, 88] - 1833.7771950000022
[36, 42, 90] - 1849.1681629999978
[36, 42, 94] - 1845.1636229999976
[36, 42, 97] - 1846.110702
[114, 90, 94] - 1766.7329989999992
[31, 36, 79] - 1702.4596340000016
[31, 38, 67] - 1717.6373219999978
[31, 38, 90] - 1753.8577619999962
[41, 56, 67] - 1731.9178579999964
[41, 56, 71] - 1733.0223029999977
[24, 88, 90] - 1838.671981999997
[24, 88, 94] - 1843.1246450000021
[36, 5, 67] - 1742.946672
[42, 90, 94] - 1848.4712289999973
[42, 90, 97] - 1849.266360999999
[41, 6, 90] - 1787.0001289999966
[120, 2, 24] - 1826.6187889999949
[41, 6, 94] - 1754.345166999995
[41, 6, 97] - 1688.0251929999959
[114, 36, 90] - 1748.7679489999985
[114, 36, 94] - 1747.2665169999962
[42, 94, 97] - 1845.5494989999947
[128, 36, 56] - 1745.6598479999966
[128, 36, 57] - 1794.8928799999958
[128, 36, 67] - 1710.1310029999952
[122, 90, 94] - 1752.3295020000014
[57, 67, 90] - 1683.5120399999985
[57, 67, 94] - 1686.652170999996
[104, 57, 90] - 1771.5297480000008
[104, 57, 94] - 1774.1348439999979
[104, 57, 97] - 1684.7033199999978
[24, 36, 66] - 1725.8950369999995
[24, 36, 70] - 1690.1193209999997
[24, 36, 88] - 1836.5849710000005
[57, 71, 90] - 1685.8483229999983
[57, 71, 94] - 1688.067845000002
[1, 104, 23] - 1864.2365529999981
[1, 104, 31] - 1707.466507999996
[24, 41, 97] - 1840.9093489999952
[36, 66, 90] - 1721.0891859999952
[36, 66, 94] - 1728.3972879999972
[122, 36, 90] - 1747.6993499999985
[122, 36, 94] - 1752.925971999994
[104, 67, 79] - 1692.3205409999957
[66, 90, 94] - 1741.327016
[104, 67, 88] - 1691.198309999996
[1, 56, 67] - 1697.836463999995
[1, 56, 71] - 1699.4090749999993
[38, 41, 55] - 1858.1727519999995
[36, 70, 94] - 1692.9252029999961
[5, 67, 90] - 1782.9614429999979
[5, 67, 94] - 1750.7015779999974
[5, 67, 97] - 1686.4116040000006
[128, 56, 90] - 1748.5225719999967
[128, 56, 94] - 1752.734843999996
[128, 56, 97] - 1749.776665999998
[128, 57, 90] - 1792.690735999995
[128, 57, 94] - 1797.2210589999988
[128, 57, 97] - 1789.3684080000005
[67, 71, 88] - 1859.7802949999968
[5, 71, 90] - 1698.8196530000005
[1, 67, 79] - 1707.3339540000002
[9, 90, 97] - 1689.2830329999995
[9, 90, 94] - 1801.1517360000003
[9, 94, 97] - 1696.674013000001
[128, 67, 90] - 1713.1777219999974
[128, 67, 94] - 1716.4015269999986
[128, 67, 97] - 1713.8439330000003
[16, 36] - 1698.0267999999971
[16, 90] - 1694.2312999999986
[16, 94] - 1702.2239999999986
[2, 29] - 1756.1966999999952
[2, 42] - 1803.6471999999992
[2, 66] - 1815.5200999999984
[2, 70] - 1752.8155999999967
[23, 56] - 1708.906399999999
[23, 57] - 1802.2576999999976
[24, 42] - 1768.8713999999984
[23, 79] - 1722.3910999999953
[24, 5] - 1772.2766999999997
[24, 55] - 1855.681999999998
[23, 88] - 1723.9571000000014
[24, 63] - 1861.5848000000021
[24, 67] - 1688.954599999997
[29, 36] - 1756.2500999999952
[29, 38] - 1753.5710000000008
[29, 90] - 1750.5854999999995
[29, 94] - 1758.832199999998
[29, 97] - 1753.6715999999972
[31, 88] - 1811.3415999999966
[36, 63] - 1851.6159999999957
[38, 42] - 1833.143599999998
[38, 63] - 1779.0419999999967
[38, 66] - 1814.7563999999966
[38, 70] - 1752.5358999999955
[41, 9] - 1757.8980999999985
[1, 5] - 1689.4703999999983
[5, 56] - 1739.9980999999973
[5, 79] - 1772.7465999999993
[100, 79] - 1688.5784
[5, 88] - 1746.6854999999953
[104, 56] - 1705.798399999998
[56, 57] - 1710.6704999999954
[56, 6] - 1737.8938999999957
[108, 90] - 1695.908999999998
[108, 97] - 1697.3172999999974
[11, 41] - 1750.3026999999938
[11, 67] - 1687.3407000000007
[114, 24] - 1784.432299999999
[114, 63] - 1820.6547000000012
[63, 90] - 2010.8529999999969
[63, 94] - 1859.1875999999982
[66, 97] - 1776.0668999999964
[120, 42] - 1801.446299999998
[122, 41] - 1841.2757999999992
[70, 97] - 1752.3442999999947
[128, 41] - 1791.5490000000043
[13, 36] - 1714.564399999999
[13, 90] - 1880.4892999999959
[13, 94] - 1728.992799999999
[13, 97] - 1804.508199999999
[107] - 1799.8300000000092
[77] - 1684.5000000000039
[86] - 1689.2500000000084
